Observation station,Year,Month,Day,Time [Local time],Snow depth [cm]
Lahti Laune,2004,3,8,02:00,45
Lahti Laune,2004,3,9,02:00,43
Lahti Laune,2004,3,10,02:00,43
Lahti Laune,2004,3,11,02:00,43
Lahti Laune,2004,3,12,02:00,42
Lahti Laune,2004,3,13,02:00,41
Lahti Laune,2004,3,14,02:00,41
Lahti Laune,2004,3,15,02:00,42
Lahti Laune,2004,3,16,02:00,40
Lahti Laune,2004,3,17,02:00,36
Lahti Laune,2004,3,18,02:00,35
Lahti Laune,2004,3,19,02:00,31
Lahti Laune,2004,3,20,02:00,29
Lahti Laune,2004,3,21,02:00,30
Lahti Laune,2004,3,22,02:00,30
Lahti Laune,2004,3,23,02:00,30
Lahti Laune,2004,3,24,02:00,30
Lahti Laune,2004,3,25,02:00,28
Lahti Laune,2004,3,26,02:00,31
Lahti Laune,2004,3,27,02:00,30
Lahti Laune,2004,3,28,02:00,28
Lahti Laune,2004,3,29,03:00,27
Lahti Laune,2004,3,30,03:00,26
Lahti Laune,2004,3,31,03:00,23
Lahti Laune,2004,4,1,03:00,21
Lahti Laune,2004,4,2,03:00,21
Lahti Laune,2004,4,3,03:00,21
Lahti Laune,2004,4,4,03:00,19
Lahti Laune,2004,4,5,03:00,17
Lahti Laune,2004,4,6,03:00,14
Lahti Laune,2004,4,7,03:00,14
Lahti Laune,2004,4,8,03:00,13
Lahti Laune,2004,4,9,03:00,13
Lahti Laune,2004,4,10,03:00,7
Lahti Laune,2004,4,11,03:00,6
Lahti Laune,2004,4,12,03:00,5
Lahti Laune,2004,4,13,03:00,0
Lahti Laune,2004,4,14,03:00,0
Lahti Laune,2004,4,15,03:00,-1
Lahti Laune,2004,4,16,03:00,-1
Lahti Laune,2004,4,17,03:00,-1
Lahti Laune,2004,4,18,03:00,-1
Lahti Laune,2004,4,19,03:00,-1
Lahti Laune,2004,4,20,03:00,-1
Lahti Laune,2004,4,21,03:00,-1
Lahti Laune,2004,4,22,03:00,-1
Lahti Laune,2004,4,23,03:00,-1
Lahti Laune,2004,4,24,03:00,-1
Lahti Laune,2004,4,25,03:00,-1
Lahti Laune,2004,4,26,03:00,-1
Lahti Laune,2004,4,27,03:00,-1
Lahti Laune,2004,4,28,03:00,-1
Lahti Laune,2004,4,29,03:00,-1
Lahti Laune,2004,4,30,03:00,-1
Lahti Laune,2004,5,1,03:00,-1
Lahti Laune,2004,5,2,03:00,-1
Lahti Laune,2004,5,3,03:00,-1
Lahti Laune,2004,5,4,03:00,-1
Lahti Laune,2004,5,5,03:00,-1
Lahti Laune,2004,5,6,03:00,-1
Lahti Laune,2004,5,7,03:00,-1
Lahti Laune,2004,5,8,03:00,-1
Lahti Laune,2004,5,9,03:00,-1
Lahti Laune,2004,5,10,03:00,-1
Lahti Laune,2004,5,11,03:00,-1
Lahti Laune,2004,5,12,03:00,-1
Lahti Laune,2004,5,13,03:00,-1
Lahti Laune,2004,5,14,03:00,-1
Lahti Laune,2004,5,15,03:00,-1
Lahti Laune,2004,5,16,03:00,-1
Lahti Laune,2004,5,17,03:00,-1
Lahti Laune,2004,5,18,03:00,-1
Lahti Laune,2004,5,19,03:00,-1
Lahti Laune,2004,5,20,03:00,-1
Lahti Laune,2004,5,21,03:00,-1
Lahti Laune,2004,5,22,03:00,-1
Lahti Laune,2004,5,23,03:00,-1
Lahti Laune,2004,5,24,03:00,-1
Lahti Laune,2004,5,25,03:00,-1
Lahti Laune,2004,5,26,03:00,-1
Lahti Laune,2004,5,27,03:00,-1
Lahti Laune,2004,5,28,03:00,-1
Lahti Laune,2004,5,29,03:00,-1
Lahti Laune,2004,5,30,03:00,-1
Lahti Laune,2004,5,31,03:00,-1
Lahti Laune,2004,6,1,03:00,-1
Lahti Laune,2004,6,2,03:00,-1
Lahti Laune,2004,6,3,03:00,-1
Lahti Laune,2004,6,4,03:00,-1
Lahti Laune,2004,6,5,03:00,-1
Lahti Laune,2004,6,6,03:00,-1
Lahti Laune,2004,6,7,03:00,-1
Lahti Laune,2004,6,8,03:00,-1
Lahti Laune,2004,6,9,03:00,-1
Lahti Laune,2004,6,10,03:00,-1
Lahti Laune,2004,6,11,03:00,-1
Lahti Laune,2004,6,12,03:00,-1
Lahti Laune,2004,6,13,03:00,-1
Lahti Laune,2004,6,14,03:00,-1
Lahti Laune,2004,6,15,03:00,-1
Lahti Laune,2004,6,16,03:00,-1
Lahti Laune,2004,6,17,03:00,-1
Lahti Laune,2004,6,18,03:00,-1
Lahti Laune,2004,6,19,03:00,-1
Lahti Laune,2004,6,20,03:00,-1
Lahti Laune,2004,6,21,03:00,-1
Lahti Laune,2004,6,22,03:00,-1
Lahti Laune,2004,6,23,03:00,-1
Lahti Laune,2004,6,24,03:00,-1
Lahti Laune,2004,6,25,03:00,-1
Lahti Laune,2004,6,26,03:00,-1
Lahti Laune,2004,6,27,03:00,-1
Lahti Laune,2004,6,28,03:00,-1
Lahti Laune,2004,6,29,03:00,-1
Lahti Laune,2004,6,30,03:00,-1
Lahti Laune,2004,7,1,03:00,-1
Lahti Laune,2004,7,2,03:00,-1
Lahti Laune,2004,7,3,03:00,-1
Lahti Laune,2004,7,4,03:00,-1
Lahti Laune,2004,7,5,03:00,-1
Lahti Laune,2004,7,6,03:00,-1
Lahti Laune,2004,7,7,03:00,-1
Lahti Laune,2004,7,8,03:00,-1
Lahti Laune,2004,7,9,03:00,-1
Lahti Laune,2004,7,10,03:00,-1
Lahti Laune,2004,7,11,03:00,-1
Lahti Laune,2004,7,12,03:00,-1
Lahti Laune,2004,7,13,03:00,-1
Lahti Laune,2004,7,14,03:00,-1
Lahti Laune,2004,7,15,03:00,-1
Lahti Laune,2004,7,16,03:00,-1
Lahti Laune,2004,7,17,03:00,-1
Lahti Laune,2004,7,18,03:00,-1
Lahti Laune,2004,7,19,03:00,-1
Lahti Laune,2004,7,20,03:00,-1
Lahti Laune,2004,7,21,03:00,-1
Lahti Laune,2004,7,22,03:00,-1
Lahti Laune,2004,7,23,03:00,-1
Lahti Laune,2004,7,24,03:00,-1
Lahti Laune,2004,7,25,03:00,-1
Lahti Laune,2004,7,26,03:00,-1
Lahti Laune,2004,7,27,03:00,-1
Lahti Laune,2004,7,28,03:00,-1
Lahti Laune,2004,7,29,03:00,-1
Lahti Laune,2004,7,30,03:00,-1
Lahti Laune,2004,7,31,03:00,-1
Lahti Laune,2004,8,1,03:00,-1
Lahti Laune,2004,8,2,03:00,-1
Lahti Laune,2004,8,3,03:00,-1
Lahti Laune,2004,8,4,03:00,-1
Lahti Laune,2004,8,5,03:00,-1
Lahti Laune,2004,8,6,03:00,-1
Lahti Laune,2004,8,7,03:00,-1
Lahti Laune,2004,8,8,03:00,-1
Lahti Laune,2004,8,9,03:00,-1
Lahti Laune,2004,8,10,03:00,-1
Lahti Laune,2004,8,11,03:00,-1
Lahti Laune,2004,8,12,03:00,-1
Lahti Laune,2004,8,13,03:00,-1
Lahti Laune,2004,8,14,03:00,-1
Lahti Laune,2004,8,15,03:00,-1
Lahti Laune,2004,8,16,03:00,-1
Lahti Laune,2004,8,17,03:00,-1
Lahti Laune,2004,8,18,03:00,-1
Lahti Laune,2004,8,19,03:00,-1
Lahti Laune,2004,8,20,03:00,-1
Lahti Laune,2004,8,21,03:00,-1
Lahti Laune,2004,8,22,03:00,-1
Lahti Laune,2004,8,23,03:00,-1
Lahti Laune,2004,8,24,03:00,-1
Lahti Laune,2004,8,25,03:00,-1
Lahti Laune,2004,8,26,03:00,-1
Lahti Laune,2004,8,27,03:00,-1
Lahti Laune,2004,8,28,03:00,-1
Lahti Laune,2004,8,29,03:00,-1
Lahti Laune,2004,8,30,03:00,-1
Lahti Laune,2004,8,31,03:00,-1
Lahti Laune,2004,9,1,03:00,-1
Lahti Laune,2004,9,2,03:00,-1
Lahti Laune,2004,9,3,03:00,-1
Lahti Laune,2004,9,4,03:00,-1
Lahti Laune,2004,9,5,03:00,-1
Lahti Laune,2004,9,6,03:00,-1
Lahti Laune,2004,9,7,03:00,-1
Lahti Laune,2004,9,8,03:00,-1
Lahti Laune,2004,9,9,03:00,-1
Lahti Laune,2004,9,10,03:00,-1
Lahti Laune,2004,9,11,03:00,-1
Lahti Laune,2004,9,12,03:00,-1
Lahti Laune,2004,9,13,03:00,-1
Lahti Laune,2004,9,14,03:00,-1
Lahti Laune,2004,9,15,03:00,-1
Lahti Laune,2004,9,16,03:00,-1
Lahti Laune,2004,9,17,03:00,-1
Lahti Laune,2004,9,18,03:00,-1
Lahti Laune,2004,9,19,03:00,-1
Lahti Laune,2004,9,20,03:00,-1
Lahti Laune,2004,9,21,03:00,-1
Lahti Laune,2004,9,22,03:00,-1
Lahti Laune,2004,9,23,03:00,-1
Lahti Laune,2004,9,24,03:00,-1
Lahti Laune,2004,9,25,03:00,-1
Lahti Laune,2004,9,26,03:00,-1
Lahti Laune,2004,9,27,03:00,-1
Lahti Laune,2004,9,28,03:00,-1
Lahti Laune,2004,9,29,03:00,-1
Lahti Laune,2004,9,30,03:00,-1
Lahti Laune,2004,10,1,03:00,-1
Lahti Laune,2004,10,2,03:00,-1
Lahti Laune,2004,10,3,03:00,-1
Lahti Laune,2004,10,4,03:00,-1
Lahti Laune,2004,10,5,03:00,-1
Lahti Laune,2004,10,6,03:00,-1
Lahti Laune,2004,10,7,03:00,-1
Lahti Laune,2004,10,8,03:00,-1
Lahti Laune,2004,10,9,03:00,-1
Lahti Laune,2004,10,10,03:00,1
Lahti Laune,2004,10,11,03:00,0
Lahti Laune,2004,10,12,03:00,-1
Lahti Laune,2004,10,13,03:00,-1
Lahti Laune,2004,10,14,03:00,-1
Lahti Laune,2004,10,15,03:00,-1
Lahti Laune,2004,10,16,03:00,-1
Lahti Laune,2004,10,17,03:00,-1
Lahti Laune,2004,10,18,03:00,-1
Lahti Laune,2004,10,19,03:00,-1
Lahti Laune,2004,10,20,03:00,-1
Lahti Laune,2004,10,21,03:00,-1
Lahti Laune,2004,10,22,03:00,-1
Lahti Laune,2004,10,23,03:00,-1
Lahti Laune,2004,10,24,03:00,-1
Lahti Laune,2004,10,25,03:00,-1
Lahti Laune,2004,10,26,03:00,-1
Lahti Laune,2004,10,27,03:00,-1
Lahti Laune,2004,10,28,03:00,-1
Lahti Laune,2004,10,29,03:00,-1
Lahti Laune,2004,10,30,03:00,-1
Lahti Laune,2004,10,31,03:00,-1
Lahti Laune,2004,11,1,02:00,-1
Lahti Laune,2004,11,2,02:00,-1
Lahti Laune,2004,11,3,02:00,-1
Lahti Laune,2004,11,4,02:00,-1
Lahti Laune,2004,11,5,02:00,-1
Lahti Laune,2004,11,6,02:00,-1
Lahti Laune,2004,11,7,02:00,-1
Lahti Laune,2004,11,8,02:00,-1
Lahti Laune,2004,11,9,02:00,-1
Lahti Laune,2004,11,10,02:00,-1
Lahti Laune,2004,11,11,02:00,-1
Lahti Laune,2004,11,12,02:00,-1
Lahti Laune,2004,11,13,02:00,-1
Lahti Laune,2004,11,14,02:00,-1
Lahti Laune,2004,11,15,02:00,-1
Lahti Laune,2004,11,16,02:00,-1
Lahti Laune,2004,11,17,02:00,0
Lahti Laune,2004,11,18,02:00,0
Lahti Laune,2004,11,19,02:00,2
Lahti Laune,2004,11,20,02:00,2
Lahti Laune,2004,11,21,02:00,4
Lahti Laune,2004,11,22,02:00,4
Lahti Laune,2004,11,23,02:00,4
Lahti Laune,2004,11,24,02:00,4
Lahti Laune,2004,11,25,02:00,6
Lahti Laune,2004,11,26,02:00,6
Lahti Laune,2004,11,27,02:00,6
Lahti Laune,2004,11,28,02:00,6
Lahti Laune,2004,11,29,02:00,13
Lahti Laune,2004,11,30,02:00,17
Lahti Laune,2004,12,1,02:00,18
Lahti Laune,2004,12,2,02:00,13
Lahti Laune,2004,12,3,02:00,13
Lahti Laune,2004,12,4,02:00,13
Lahti Laune,2004,12,5,02:00,20
Lahti Laune,2004,12,6,02:00,17
Lahti Laune,2004,12,7,02:00,15
Lahti Laune,2004,12,8,02:00,13
Lahti Laune,2004,12,9,02:00,11
Lahti Laune,2004,12,10,02:00,11
Lahti Laune,2004,12,11,02:00,11
Lahti Laune,2004,12,12,02:00,11
Lahti Laune,2004,12,13,02:00,11
Lahti Laune,2004,12,14,02:00,11
Lahti Laune,2004,12,15,02:00,6
Lahti Laune,2004,12,16,02:00,-1
Lahti Laune,2004,12,17,02:00,-1
Lahti Laune,2004,12,18,02:00,-1
Lahti Laune,2004,12,19,02:00,-1
Lahti Laune,2004,12,20,02:00,12
Lahti Laune,2004,12,21,02:00,11
Lahti Laune,2004,12,22,02:00,10
Lahti Laune,2004,12,23,02:00,13
Lahti Laune,2004,12,24,02:00,21
Lahti Laune,2004,12,25,02:00,20
Lahti Laune,2004,12,26,02:00,23
Lahti Laune,2004,12,27,02:00,23
Lahti Laune,2004,12,28,02:00,23
Lahti Laune,2004,12,29,02:00,23
Lahti Laune,2004,12,30,02:00,21
Lahti Laune,2004,12,31,02:00,15
Lahti Laune,2005,1,1,02:00,15
Lahti Laune,2005,1,2,02:00,15
Lahti Laune,2005,1,3,02:00,19
Lahti Laune,2005,1,4,02:00,19
Lahti Laune,2005,1,5,02:00,20
Lahti Laune,2005,1,6,02:00,27
Lahti Laune,2005,1,7,02:00,28
Lahti Laune,2005,1,8,02:00,23
Lahti Laune,2005,1,9,02:00,17
Lahti Laune,2005,1,10,02:00,20
Lahti Laune,2005,1,11,02:00,15
Lahti Laune,2005,1,12,02:00,15
Lahti Laune,2005,1,13,02:00,14
Lahti Laune,2005,1,14,02:00,12
Lahti Laune,2005,1,15,02:00,13
Lahti Laune,2005,1,16,02:00,15
Lahti Laune,2005,1,17,02:00,13
Lahti Laune,2005,1,18,02:00,11
Lahti Laune,2005,1,19,02:00,11
Lahti Laune,2005,1,20,02:00,12
Lahti Laune,2005,1,21,02:00,17
Lahti Laune,2005,1,22,02:00,21
Lahti Laune,2005,1,23,02:00,21
Lahti Laune,2005,1,24,02:00,20
Lahti Laune,2005,1,25,02:00,19
Lahti Laune,2005,1,26,02:00,19
Lahti Laune,2005,1,27,02:00,21
Lahti Laune,2005,1,28,02:00,21
Lahti Laune,2005,1,29,02:00,22
Lahti Laune,2005,1,30,02:00,24
Lahti Laune,2005,1,31,02:00,33
Lahti Laune,2005,2,1,02:00,33
Lahti Laune,2005,2,2,02:00,32
Lahti Laune,2005,2,3,02:00,32
Lahti Laune,2005,2,4,02:00,32
Lahti Laune,2005,2,5,02:00,31
Lahti Laune,2005,2,6,02:00,27
Lahti Laune,2005,2,7,02:00,24
Lahti Laune,2005,2,8,02:00,23
Lahti Laune,2005,2,9,02:00,23
Lahti Laune,2005,2,10,02:00,23
Lahti Laune,2005,2,11,02:00,27
Lahti Laune,2005,2,12,02:00,26
Lahti Laune,2005,2,13,02:00,26
Lahti Laune,2005,2,14,02:00,26
Lahti Laune,2005,2,15,02:00,27
Lahti Laune,2005,2,16,02:00,26
Lahti Laune,2005,2,17,02:00,26
Lahti Laune,2005,2,18,02:00,26
Lahti Laune,2005,2,19,02:00,26
Lahti Laune,2005,2,20,02:00,27
Lahti Laune,2005,2,21,02:00,26
Lahti Laune,2005,2,22,02:00,26
Lahti Laune,2005,2,23,02:00,26
Lahti Laune,2005,2,24,02:00,26
Lahti Laune,2005,2,25,02:00,26
Lahti Laune,2005,2,26,02:00,26
Lahti Laune,2005,2,27,02:00,27
Lahti Laune,2005,2,28,02:00,27
Lahti Laune,2005,3,1,02:00,27
Lahti Laune,2005,3,2,02:00,27
Lahti Laune,2005,3,3,02:00,27
Lahti Laune,2005,3,4,02:00,27
Lahti Laune,2005,3,5,02:00,27
Lahti Laune,2005,3,6,02:00,27
Lahti Laune,2005,3,7,02:00,27
Lahti Laune,2005,3,8,02:00,29
Lahti Laune,2005,3,9,02:00,28
Lahti Laune,2005,3,10,02:00,28
Lahti Laune,2005,3,11,02:00,28
Lahti Laune,2005,3,12,02:00,28
Lahti Laune,2005,3,13,02:00,29
Lahti Laune,2005,3,14,02:00,29
Lahti Laune,2005,3,15,02:00,29
Lahti Laune,2005,3,16,02:00,29
Lahti Laune,2005,3,17,02:00,28
Lahti Laune,2005,3,18,02:00,34
Lahti Laune,2005,3,19,02:00,33
Lahti Laune,2005,3,20,02:00,32
Lahti Laune,2005,3,21,02:00,32
Lahti Laune,2005,3,22,02:00,32
Lahti Laune,2005,3,23,02:00,31
Lahti Laune,2005,3,24,02:00,30
Lahti Laune,2005,3,25,02:00,25
Lahti Laune,2005,3,26,02:00,19
Lahti Laune,2005,3,27,02:00,17
Lahti Laune,2005,3,28,03:00,17
Lahti Laune,2005,3,29,03:00,17
Lahti Laune,2005,3,30,03:00,16
Lahti Laune,2005,3,31,03:00,15
Lahti Laune,2005,4,1,03:00,13
Lahti Laune,2005,4,2,03:00,11
Lahti Laune,2005,4,3,03:00,8
Lahti Laune,2005,4,4,03:00,4
Lahti Laune,2005,4,5,03:00,0
Lahti Laune,2005,4,6,03:00,0
Lahti Laune,2005,4,7,03:00,0
Lahti Laune,2005,4,8,03:00,-1
Lahti Laune,2005,4,9,03:00,-1
Lahti Laune,2005,4,10,03:00,-1
Lahti Laune,2005,4,11,03:00,-1
Lahti Laune,2005,4,12,03:00,-1
Lahti Laune,2005,4,13,03:00,-1
Lahti Laune,2005,4,14,03:00,-1
Lahti Laune,2005,4,15,03:00,-1
Lahti Laune,2005,4,16,03:00,-1
Lahti Laune,2005,4,17,03:00,-1
Lahti Laune,2005,4,18,03:00,-1
Lahti Laune,2005,4,19,03:00,-1
Lahti Laune,2005,4,20,03:00,0
Lahti Laune,2005,4,21,03:00,1
Lahti Laune,2005,4,22,03:00,-1
Lahti Laune,2005,4,23,03:00,-1
Lahti Laune,2005,4,24,03:00,-1
Lahti Laune,2005,4,25,03:00,-1
Lahti Laune,2005,4,26,03:00,-1
Lahti Laune,2005,4,27,03:00,-1
Lahti Laune,2005,4,28,03:00,-1
Lahti Laune,2005,4,29,03:00,-1
Lahti Laune,2005,4,30,03:00,-1
Lahti Laune,2005,5,1,03:00,-1
Lahti Laune,2005,5,2,03:00,-1
Lahti Laune,2005,5,3,03:00,-1
Lahti Laune,2005,5,4,03:00,-1
Lahti Laune,2005,5,5,03:00,-1
Lahti Laune,2005,5,6,03:00,-1
Lahti Laune,2005,5,7,03:00,-1
Lahti Laune,2005,5,8,03:00,-1
Lahti Laune,2005,5,9,03:00,-1
Lahti Laune,2005,5,10,03:00,-1
Lahti Laune,2005,5,11,03:00,-1
Lahti Laune,2005,5,12,03:00,-1
Lahti Laune,2005,5,13,03:00,-1
Lahti Laune,2005,5,14,03:00,-1
Lahti Laune,2005,5,15,03:00,-1
Lahti Laune,2005,5,16,03:00,-1
Lahti Laune,2005,5,17,03:00,-1
Lahti Laune,2005,5,18,03:00,-1
Lahti Laune,2005,5,19,03:00,-1
Lahti Laune,2005,5,20,03:00,-1
Lahti Laune,2005,5,21,03:00,-1
Lahti Laune,2005,5,22,03:00,-1
Lahti Laune,2005,5,23,03:00,-1
Lahti Laune,2005,5,24,03:00,-1
Lahti Laune,2005,5,25,03:00,-1
Lahti Laune,2005,5,26,03:00,-1
Lahti Laune,2005,5,27,03:00,-1
Lahti Laune,2005,5,28,03:00,-1
Lahti Laune,2005,5,29,03:00,-1
Lahti Laune,2005,5,30,03:00,-1
Lahti Laune,2005,5,31,03:00,-1
Lahti Laune,2005,6,1,03:00,-1
Lahti Laune,2005,6,2,03:00,-1
Lahti Laune,2005,6,3,03:00,-1
Lahti Laune,2005,6,4,03:00,-1
Lahti Laune,2005,6,5,03:00,-1
Lahti Laune,2005,6,6,03:00,-1
Lahti Laune,2005,6,7,03:00,-1
Lahti Laune,2005,6,8,03:00,-1
Lahti Laune,2005,6,9,03:00,-1
Lahti Laune,2005,6,10,03:00,-1
Lahti Laune,2005,6,11,03:00,-1
Lahti Laune,2005,6,12,03:00,-1
Lahti Laune,2005,6,13,03:00,-1
Lahti Laune,2005,6,14,03:00,-1
Lahti Laune,2005,6,15,03:00,-1
Lahti Laune,2005,6,16,03:00,-1
Lahti Laune,2005,6,17,03:00,-1
Lahti Laune,2005,6,18,03:00,-1
Lahti Laune,2005,6,19,03:00,-1
Lahti Laune,2005,6,20,03:00,-1
Lahti Laune,2005,6,21,03:00,-1
Lahti Laune,2005,6,22,03:00,-1
Lahti Laune,2005,6,23,03:00,-1
Lahti Laune,2005,6,24,03:00,-1
Lahti Laune,2005,6,25,03:00,-1
Lahti Laune,2005,6,26,03:00,-1
Lahti Laune,2005,6,27,03:00,-1
Lahti Laune,2005,6,28,03:00,-1
Lahti Laune,2005,6,29,03:00,-1
Lahti Laune,2005,6,30,03:00,-1
Lahti Laune,2005,7,1,03:00,-1
Lahti Laune,2005,7,2,03:00,-1
Lahti Laune,2005,7,3,03:00,-1
Lahti Laune,2005,7,4,03:00,-1
Lahti Laune,2005,7,5,03:00,-1
Lahti Laune,2005,7,6,03:00,-1
Lahti Laune,2005,7,7,03:00,-1
Lahti Laune,2005,7,8,03:00,-1
Lahti Laune,2005,7,9,03:00,-1
Lahti Laune,2005,7,10,03:00,-1
Lahti Laune,2005,7,11,03:00,-1
Lahti Laune,2005,7,12,03:00,-1
Lahti Laune,2005,7,13,03:00,-1
Lahti Laune,2005,7,14,03:00,-1
Lahti Laune,2005,7,15,03:00,-1
Lahti Laune,2005,7,16,03:00,-1
Lahti Laune,2005,7,17,03:00,-1
Lahti Laune,2005,7,18,03:00,-1
Lahti Laune,2005,7,19,03:00,-1
Lahti Laune,2005,7,20,03:00,-1
Lahti Laune,2005,7,21,03:00,-1
Lahti Laune,2005,7,22,03:00,-1
Lahti Laune,2005,7,23,03:00,-1
Lahti Laune,2005,7,24,03:00,-1
Lahti Laune,2005,7,25,03:00,-1
Lahti Laune,2005,7,26,03:00,-1
Lahti Laune,2005,7,27,03:00,-1
Lahti Laune,2005,7,28,03:00,-1
Lahti Laune,2005,7,29,03:00,-1
Lahti Laune,2005,7,30,03:00,-1
Lahti Laune,2005,7,31,03:00,-1
Lahti Laune,2005,8,1,03:00,-1
Lahti Laune,2005,8,2,03:00,-1
Lahti Laune,2005,8,3,03:00,-1
Lahti Laune,2005,8,4,03:00,-1
Lahti Laune,2005,8,5,03:00,-1
Lahti Laune,2005,8,6,03:00,-1
Lahti Laune,2005,8,7,03:00,-1
Lahti Laune,2005,8,8,03:00,-1
Lahti Laune,2005,8,9,03:00,-1
Lahti Laune,2005,8,10,03:00,-1
Lahti Laune,2005,8,11,03:00,-1
Lahti Laune,2005,8,12,03:00,-1
Lahti Laune,2005,8,13,03:00,-1
Lahti Laune,2005,8,14,03:00,-1
Lahti Laune,2005,8,15,03:00,-1
Lahti Laune,2005,8,16,03:00,-1
Lahti Laune,2005,8,17,03:00,-1
Lahti Laune,2005,8,18,03:00,-1
Lahti Laune,2005,8,19,03:00,-1
Lahti Laune,2005,8,20,03:00,-1
Lahti Laune,2005,8,21,03:00,-1
Lahti Laune,2005,8,22,03:00,-1
Lahti Laune,2005,8,23,03:00,-1
Lahti Laune,2005,8,24,03:00,-1
Lahti Laune,2005,8,25,03:00,-1
Lahti Laune,2005,8,26,03:00,-1
Lahti Laune,2005,8,27,03:00,-1
Lahti Laune,2005,8,28,03:00,-1
Lahti Laune,2005,8,29,03:00,-1
Lahti Laune,2005,8,30,03:00,-1
Lahti Laune,2005,8,31,03:00,-1
Lahti Laune,2005,9,1,03:00,-1
Lahti Laune,2005,9,2,03:00,-1
Lahti Laune,2005,9,3,03:00,-1
Lahti Laune,2005,9,4,03:00,-1
Lahti Laune,2005,9,5,03:00,-1
Lahti Laune,2005,9,6,03:00,-1
Lahti Laune,2005,9,7,03:00,-1
Lahti Laune,2005,9,8,03:00,-1
Lahti Laune,2005,9,9,03:00,-1
Lahti Laune,2005,9,10,03:00,-1
Lahti Laune,2005,9,11,03:00,-1
Lahti Laune,2005,9,12,03:00,-1
Lahti Laune,2005,9,13,03:00,-1
Lahti Laune,2005,9,14,03:00,-1
Lahti Laune,2005,9,15,03:00,-1
Lahti Laune,2005,9,16,03:00,-1
Lahti Laune,2005,9,17,03:00,-1
Lahti Laune,2005,9,18,03:00,-1
Lahti Laune,2005,9,19,03:00,-1
Lahti Laune,2005,9,20,03:00,-1
Lahti Laune,2005,9,21,03:00,-1
Lahti Laune,2005,9,22,03:00,-1
Lahti Laune,2005,9,23,03:00,-1
Lahti Laune,2005,9,24,03:00,-1
Lahti Laune,2005,9,25,03:00,-1
Lahti Laune,2005,9,26,03:00,-1
Lahti Laune,2005,9,27,03:00,-1
Lahti Laune,2005,9,28,03:00,-1
Lahti Laune,2005,9,29,03:00,-1
Lahti Laune,2005,9,30,03:00,-1
Lahti Laune,2005,10,1,03:00,-1
Lahti Laune,2005,10,2,03:00,-1
Lahti Laune,2005,10,3,03:00,-1
Lahti Laune,2005,10,4,03:00,-1
Lahti Laune,2005,10,5,03:00,-1
Lahti Laune,2005,10,6,03:00,-1
Lahti Laune,2005,10,7,03:00,-1
Lahti Laune,2005,10,8,03:00,-1
Lahti Laune,2005,10,9,03:00,-1
Lahti Laune,2005,10,10,03:00,-1
Lahti Laune,2005,10,11,03:00,-1
Lahti Laune,2005,10,12,03:00,-1
Lahti Laune,2005,10,13,03:00,-1
Lahti Laune,2005,10,14,03:00,-1
Lahti Laune,2005,10,15,03:00,-1
Lahti Laune,2005,10,16,03:00,-1
Lahti Laune,2005,10,17,03:00,-1
Lahti Laune,2005,10,18,03:00,-1
Lahti Laune,2005,10,19,03:00,-1
Lahti Laune,2005,10,20,03:00,-1
Lahti Laune,2005,10,21,03:00,-1
Lahti Laune,2005,10,22,03:00,-1
Lahti Laune,2005,10,23,03:00,-1
Lahti Laune,2005,10,24,03:00,0
Lahti Laune,2005,10,25,03:00,-1
Lahti Laune,2005,10,26,03:00,3
Lahti Laune,2005,10,27,03:00,6
Lahti Laune,2005,10,28,03:00,4
Lahti Laune,2005,10,29,03:00,-1
Lahti Laune,2005,10,30,03:00,-1
Lahti Laune,2005,10,31,02:00,-1
Lahti Laune,2005,11,1,02:00,-1
Lahti Laune,2005,11,2,02:00,-1
Lahti Laune,2005,11,3,02:00,-1
Lahti Laune,2005,11,4,02:00,-1
Lahti Laune,2005,11,5,02:00,-1
Lahti Laune,2005,11,6,02:00,-1
Lahti Laune,2005,11,7,02:00,-1
Lahti Laune,2005,11,8,02:00,-1
Lahti Laune,2005,11,9,02:00,-1
Lahti Laune,2005,11,10,02:00,-1
Lahti Laune,2005,11,11,02:00,-1
Lahti Laune,2005,11,12,02:00,-1
Lahti Laune,2005,11,13,02:00,-1
Lahti Laune,2005,11,14,02:00,-1
Lahti Laune,2005,11,15,02:00,-1
Lahti Laune,2005,11,16,02:00,-1
Lahti Laune,2005,11,17,02:00,-1
Lahti Laune,2005,11,18,02:00,0
Lahti Laune,2005,11,19,02:00,0
Lahti Laune,2005,11,20,02:00,0
Lahti Laune,2005,11,21,02:00,0
Lahti Laune,2005,11,22,02:00,0
Lahti Laune,2005,11,23,02:00,-1
Lahti Laune,2005,11,24,02:00,-1
Lahti Laune,2005,11,25,02:00,-1
Lahti Laune,2005,11,26,02:00,5
Lahti Laune,2005,11,27,02:00,11
Lahti Laune,2005,11,28,02:00,12
Lahti Laune,2005,11,29,02:00,5
Lahti Laune,2005,11,30,02:00,5
Lahti Laune,2005,12,1,02:00,14
Lahti Laune,2005,12,2,02:00,17
Lahti Laune,2005,12,3,02:00,13
Lahti Laune,2005,12,4,02:00,13
Lahti Laune,2005,12,5,02:00,14
Lahti Laune,2005,12,6,02:00,19
Lahti Laune,2005,12,7,02:00,18
Lahti Laune,2005,12,8,02:00,18
Lahti Laune,2005,12,9,02:00,16
Lahti Laune,2005,12,10,02:00,17
Lahti Laune,2005,12,11,02:00,17
Lahti Laune,2005,12,12,02:00,15
Lahti Laune,2005,12,13,02:00,15
Lahti Laune,2005,12,14,02:00,15
Lahti Laune,2005,12,15,02:00,18
Lahti Laune,2005,12,16,02:00,22
Lahti Laune,2005,12,17,02:00,22
Lahti Laune,2005,12,18,02:00,21
Lahti Laune,2005,12,19,02:00,20
Lahti Laune,2005,12,20,02:00,20
Lahti Laune,2005,12,21,02:00,21
Lahti Laune,2005,12,22,02:00,20
Lahti Laune,2005,12,23,02:00,20
Lahti Laune,2005,12,24,02:00,22
Lahti Laune,2005,12,25,02:00,30
Lahti Laune,2005,12,26,02:00,32
Lahti Laune,2005,12,27,02:00,33
Lahti Laune,2005,12,28,02:00,33
Lahti Laune,2005,12,29,02:00,30
Lahti Laune,2005,12,30,02:00,30
Lahti Laune,2005,12,31,02:00,31
Lahti Laune,2006,1,1,02:00,30
Lahti Laune,2006,1,2,02:00,30
Lahti Laune,2006,1,3,02:00,31
Lahti Laune,2006,1,4,02:00,31
Lahti Laune,2006,1,5,02:00,31
Lahti Laune,2006,1,6,02:00,31
Lahti Laune,2006,1,7,02:00,30
Lahti Laune,2006,1,8,02:00,30
Lahti Laune,2006,1,9,02:00,30
Lahti Laune,2006,1,10,02:00,30
Lahti Laune,2006,1,11,02:00,29
Lahti Laune,2006,1,12,02:00,20
Lahti Laune,2006,1,13,02:00,20
Lahti Laune,2006,1,14,02:00,20
Lahti Laune,2006,1,15,02:00,20
Lahti Laune,2006,1,16,02:00,19
Lahti Laune,2006,1,17,02:00,19
Lahti Laune,2006,1,18,02:00,20
Lahti Laune,2006,1,19,02:00,20
Lahti Laune,2006,1,20,02:00,20
Lahti Laune,2006,1,21,02:00,20
Lahti Laune,2006,1,22,02:00,20
Lahti Laune,2006,1,23,02:00,20
Lahti Laune,2006,1,24,02:00,20
Lahti Laune,2006,1,25,02:00,20
Lahti Laune,2006,1,26,02:00,24
Lahti Laune,2006,1,27,02:00,24
Lahti Laune,2006,1,28,02:00,24
Lahti Laune,2006,1,29,02:00,24
Lahti Laune,2006,1,30,02:00,22
Lahti Laune,2006,1,31,02:00,21
Lahti Laune,2006,2,1,02:00,22
Lahti Laune,2006,2,2,02:00,28
Lahti Laune,2006,2,3,02:00,32
Lahti Laune,2006,2,4,02:00,28
Lahti Laune,2006,2,5,02:00,27
Lahti Laune,2006,2,6,02:00,30
Lahti Laune,2006,2,7,02:00,30
Lahti Laune,2006,2,8,02:00,29
Lahti Laune,2006,2,9,02:00,29
Lahti Laune,2006,2,10,02:00,29
Lahti Laune,2006,2,11,02:00,29
Lahti Laune,2006,2,12,02:00,29
Lahti Laune,2006,2,13,02:00,31
Lahti Laune,2006,2,14,02:00,33
Lahti Laune,2006,2,15,02:00,33
Lahti Laune,2006,2,16,02:00,32
Lahti Laune,2006,2,17,02:00,34
Lahti Laune,2006,2,18,02:00,33
Lahti Laune,2006,2,19,02:00,35
Lahti Laune,2006,2,20,02:00,34
Lahti Laune,2006,2,21,02:00,33
Lahti Laune,2006,2,22,02:00,33
Lahti Laune,2006,2,23,02:00,33
Lahti Laune,2006,2,24,02:00,32
Lahti Laune,2006,2,25,02:00,32
Lahti Laune,2006,2,26,02:00,32
Lahti Laune,2006,2,27,02:00,32
Lahti Laune,2006,2,28,02:00,31
Lahti Laune,2006,3,1,02:00,32
Lahti Laune,2006,3,2,02:00,32
Lahti Laune,2006,3,3,02:00,32
Lahti Laune,2006,3,4,02:00,34
Lahti Laune,2006,3,5,02:00,36
Lahti Laune,2006,3,6,02:00,35
Lahti Laune,2006,3,7,02:00,37
Lahti Laune,2006,3,8,02:00,36
Lahti Laune,2006,3,9,02:00,36
Lahti Laune,2006,3,10,02:00,36
Lahti Laune,2006,3,11,02:00,35
Lahti Laune,2006,3,12,02:00,35
Lahti Laune,2006,3,13,02:00,35
Lahti Laune,2006,3,14,02:00,35
Lahti Laune,2006,3,15,02:00,35
Lahti Laune,2006,3,16,02:00,35
Lahti Laune,2006,3,17,02:00,35
Lahti Laune,2006,3,18,02:00,34
Lahti Laune,2006,3,19,02:00,42
Lahti Laune,2006,3,20,02:00,42
Lahti Laune,2006,3,21,02:00,41
Lahti Laune,2006,3,22,02:00,40
Lahti Laune,2006,3,23,02:00,40
Lahti Laune,2006,3,24,02:00,39
Lahti Laune,2006,3,25,02:00,39
Lahti Laune,2006,3,26,02:00,39
Lahti Laune,2006,3,27,03:00,39
Lahti Laune,2006,3,28,03:00,39
Lahti Laune,2006,3,29,03:00,41
Lahti Laune,2006,3,30,03:00,47
Lahti Laune,2006,3,31,03:00,46
Lahti Laune,2006,4,1,03:00,47
Lahti Laune,2006,4,2,03:00,38
Lahti Laune,2006,4,3,03:00,41
Lahti Laune,2006,4,4,03:00,37
Lahti Laune,2006,4,5,03:00,36
Lahti Laune,2006,4,6,03:00,38
Lahti Laune,2006,4,7,03:00,33
Lahti Laune,2006,4,8,03:00,31
Lahti Laune,2006,4,9,03:00,31
Lahti Laune,2006,4,10,03:00,27
Lahti Laune,2006,4,11,03:00,26
Lahti Laune,2006,4,12,03:00,25
Lahti Laune,2006,4,13,03:00,24
Lahti Laune,2006,4,14,03:00,24
Lahti Laune,2006,4,15,03:00,22
Lahti Laune,2006,4,16,03:00,19
Lahti Laune,2006,4,17,03:00,14
Lahti Laune,2006,4,18,03:00,11
Lahti Laune,2006,4,19,03:00,9
Lahti Laune,2006,4,20,03:00,0
Lahti Laune,2006,4,21,03:00,-1
Lahti Laune,2006,4,22,03:00,-1
Lahti Laune,2006,4,23,03:00,-1
Lahti Laune,2006,4,24,03:00,-1
Lahti Laune,2006,4,25,03:00,-1
Lahti Laune,2006,4,26,03:00,-1
Lahti Laune,2006,4,27,03:00,-1
Lahti Laune,2006,4,28,03:00,-1
Lahti Laune,2006,4,29,03:00,-1
Lahti Laune,2006,4,30,03:00,-1
Lahti Laune,2006,5,1,03:00,-1
Lahti Laune,2006,5,2,03:00,-1
Lahti Laune,2006,5,3,03:00,-1
Lahti Laune,2006,5,4,03:00,-1
Lahti Laune,2006,5,5,03:00,-1
Lahti Laune,2006,5,6,03:00,-1
Lahti Laune,2006,5,7,03:00,-1
Lahti Laune,2006,5,8,03:00,-1
Lahti Laune,2006,5,9,03:00,-1
Lahti Laune,2006,5,10,03:00,-1
Lahti Laune,2006,5,11,03:00,-1
Lahti Laune,2006,5,12,03:00,-1
Lahti Laune,2006,5,13,03:00,-1
Lahti Laune,2006,5,14,03:00,-1
Lahti Laune,2006,5,15,03:00,-1
Lahti Laune,2006,5,16,03:00,-1
Lahti Laune,2006,5,17,03:00,-1
Lahti Laune,2006,5,18,03:00,-1
Lahti Laune,2006,5,19,03:00,-1
Lahti Laune,2006,5,20,03:00,-1
Lahti Laune,2006,5,21,03:00,-1
Lahti Laune,2006,5,22,03:00,-1
Lahti Laune,2006,5,23,03:00,-1
Lahti Laune,2006,5,24,03:00,-1
Lahti Laune,2006,5,25,03:00,-1
Lahti Laune,2006,5,26,03:00,-1
Lahti Laune,2006,5,27,03:00,-1
Lahti Laune,2006,5,28,03:00,-1
Lahti Laune,2006,5,29,03:00,-1
Lahti Laune,2006,5,30,03:00,-1
Lahti Laune,2006,5,31,03:00,-1
Lahti Laune,2006,6,1,03:00,-1
Lahti Laune,2006,6,2,03:00,-1
Lahti Laune,2006,6,3,03:00,-1
Lahti Laune,2006,6,4,03:00,-1
Lahti Laune,2006,6,5,03:00,-1
Lahti Laune,2006,6,6,03:00,-1
Lahti Laune,2006,6,7,03:00,-1
Lahti Laune,2006,6,8,03:00,-1
Lahti Laune,2006,6,9,03:00,-1
Lahti Laune,2006,6,10,03:00,-1
Lahti Laune,2006,6,11,03:00,-1
Lahti Laune,2006,6,12,03:00,-1
Lahti Laune,2006,6,13,03:00,-1
Lahti Laune,2006,6,14,03:00,-1
Lahti Laune,2006,6,15,03:00,-1
Lahti Laune,2006,6,16,03:00,-1
Lahti Laune,2006,6,17,03:00,-1
Lahti Laune,2006,6,18,03:00,-1
Lahti Laune,2006,6,19,03:00,-1
Lahti Laune,2006,6,20,03:00,-1
Lahti Laune,2006,6,21,03:00,-1
Lahti Laune,2006,6,22,03:00,-1
Lahti Laune,2006,6,23,03:00,-1
Lahti Laune,2006,6,24,03:00,-1
Lahti Laune,2006,6,25,03:00,-1
Lahti Laune,2006,6,26,03:00,-1
Lahti Laune,2006,6,27,03:00,-1
Lahti Laune,2006,6,28,03:00,-1
Lahti Laune,2006,6,29,03:00,-1
Lahti Laune,2006,6,30,03:00,-1
Lahti Laune,2006,7,1,03:00,-1
Lahti Laune,2006,7,2,03:00,-1
Lahti Laune,2006,7,3,03:00,-1
Lahti Laune,2006,7,4,03:00,-1
Lahti Laune,2006,7,5,03:00,-1
Lahti Laune,2006,7,6,03:00,-1
Lahti Laune,2006,7,7,03:00,-1
Lahti Laune,2006,7,8,03:00,-1
Lahti Laune,2006,7,9,03:00,-1
Lahti Laune,2006,7,10,03:00,-1
Lahti Laune,2006,7,11,03:00,-1
Lahti Laune,2006,7,12,03:00,-1
Lahti Laune,2006,7,13,03:00,-1
Lahti Laune,2006,7,14,03:00,-1
Lahti Laune,2006,7,15,03:00,-1
Lahti Laune,2006,7,16,03:00,-1
Lahti Laune,2006,7,17,03:00,-1
Lahti Laune,2006,7,18,03:00,-1
Lahti Laune,2006,7,19,03:00,-1
Lahti Laune,2006,7,20,03:00,-1
Lahti Laune,2006,7,21,03:00,-1
Lahti Laune,2006,7,22,03:00,-1
Lahti Laune,2006,7,23,03:00,-1
Lahti Laune,2006,7,24,03:00,-1
Lahti Laune,2006,7,25,03:00,-1
Lahti Laune,2006,7,26,03:00,-1
Lahti Laune,2006,7,27,03:00,-1
Lahti Laune,2006,7,28,03:00,-1
Lahti Laune,2006,7,29,03:00,-1
Lahti Laune,2006,7,30,03:00,-1
Lahti Laune,2006,7,31,03:00,-1
Lahti Laune,2006,8,1,03:00,-1
Lahti Laune,2006,8,2,03:00,-1
Lahti Laune,2006,8,3,03:00,-1
Lahti Laune,2006,8,4,03:00,-1
Lahti Laune,2006,8,5,03:00,-1
Lahti Laune,2006,8,6,03:00,-1
Lahti Laune,2006,8,7,03:00,-1
Lahti Laune,2006,8,8,03:00,-1
Lahti Laune,2006,8,9,03:00,-1
Lahti Laune,2006,8,10,03:00,-1
Lahti Laune,2006,8,11,03:00,-1
Lahti Laune,2006,8,12,03:00,-1
Lahti Laune,2006,8,13,03:00,-1
Lahti Laune,2006,8,14,03:00,-1
Lahti Laune,2006,8,15,03:00,-1
Lahti Laune,2006,8,16,03:00,-1
Lahti Laune,2006,8,17,03:00,-1
Lahti Laune,2006,8,18,03:00,-1
Lahti Laune,2006,8,19,03:00,-1
Lahti Laune,2006,8,20,03:00,-1
Lahti Laune,2006,8,21,03:00,-1
Lahti Laune,2006,8,22,03:00,-1
Lahti Laune,2006,8,23,03:00,-1
Lahti Laune,2006,8,24,03:00,-1
Lahti Laune,2006,8,25,03:00,-1
Lahti Laune,2006,8,26,03:00,-1
Lahti Laune,2006,8,27,03:00,-1
Lahti Laune,2006,8,28,03:00,-1
Lahti Laune,2006,8,29,03:00,-1
Lahti Laune,2006,8,30,03:00,-1
Lahti Laune,2006,8,31,03:00,-1
Lahti Laune,2006,9,1,03:00,-1
Lahti Laune,2006,9,2,03:00,-1
Lahti Laune,2006,9,3,03:00,-1
Lahti Laune,2006,9,4,03:00,-1
Lahti Laune,2006,9,5,03:00,-1
Lahti Laune,2006,9,6,03:00,-1
Lahti Laune,2006,9,7,03:00,-1
Lahti Laune,2006,9,8,03:00,-1
Lahti Laune,2006,9,9,03:00,-1
Lahti Laune,2006,9,10,03:00,-1
Lahti Laune,2006,9,11,03:00,-1
Lahti Laune,2006,9,12,03:00,-1
Lahti Laune,2006,9,13,03:00,-1
Lahti Laune,2006,9,14,03:00,-1
Lahti Laune,2006,9,15,03:00,-1
Lahti Laune,2006,9,16,03:00,-1
Lahti Laune,2006,9,17,03:00,-1
Lahti Laune,2006,9,18,03:00,-1
Lahti Laune,2006,9,19,03:00,-1
Lahti Laune,2006,9,20,03:00,-1
Lahti Laune,2006,9,21,03:00,-1
Lahti Laune,2006,9,22,03:00,-1
Lahti Laune,2006,9,23,03:00,-1
Lahti Laune,2006,9,24,03:00,-1
Lahti Laune,2006,9,25,03:00,-1
Lahti Laune,2006,9,26,03:00,-1
Lahti Laune,2006,9,27,03:00,-1
Lahti Laune,2006,9,28,03:00,-1
Lahti Laune,2006,9,29,03:00,-1
Lahti Laune,2006,9,30,03:00,-1
Lahti Laune,2006,10,1,03:00,-1
Lahti Laune,2006,10,2,03:00,-1
Lahti Laune,2006,10,3,03:00,-1
Lahti Laune,2006,10,4,03:00,-1
Lahti Laune,2006,10,5,03:00,-1
Lahti Laune,2006,10,6,03:00,-1
Lahti Laune,2006,10,7,03:00,-1
Lahti Laune,2006,10,8,03:00,-1
Lahti Laune,2006,10,9,03:00,-1
Lahti Laune,2006,10,10,03:00,-1
Lahti Laune,2006,10,11,03:00,-1
Lahti Laune,2006,10,12,03:00,-1
Lahti Laune,2006,10,13,03:00,-1
Lahti Laune,2006,10,14,03:00,-1
Lahti Laune,2006,10,15,03:00,-1
Lahti Laune,2006,10,16,03:00,-1
Lahti Laune,2006,10,17,03:00,-1
Lahti Laune,2006,10,18,03:00,-1
Lahti Laune,2006,10,19,03:00,-1
Lahti Laune,2006,10,20,03:00,-1
Lahti Laune,2006,10,21,03:00,-1
Lahti Laune,2006,10,22,03:00,-1
Lahti Laune,2006,10,23,03:00,-1
Lahti Laune,2006,10,24,03:00,-1
Lahti Laune,2006,10,25,03:00,-1
Lahti Laune,2006,10,26,03:00,-1
Lahti Laune,2006,10,27,03:00,-1
Lahti Laune,2006,10,28,03:00,-1
Lahti Laune,2006,10,29,03:00,6
Lahti Laune,2006,10,30,02:00,5
Lahti Laune,2006,10,31,02:00,7
Lahti Laune,2006,11,1,02:00,25
Lahti Laune,2006,11,2,02:00,25
Lahti Laune,2006,11,3,02:00,23
Lahti Laune,2006,11,4,02:00,22
Lahti Laune,2006,11,5,02:00,21
Lahti Laune,2006,11,6,02:00,22
Lahti Laune,2006,11,7,02:00,29
Lahti Laune,2006,11,8,02:00,22
Lahti Laune,2006,11,9,02:00,22
Lahti Laune,2006,11,10,02:00,22
Lahti Laune,2006,11,11,02:00,21
Lahti Laune,2006,11,12,02:00,21
Lahti Laune,2006,11,13,02:00,22
Lahti Laune,2006,11,14,02:00,23
Lahti Laune,2006,11,15,02:00,20
Lahti Laune,2006,11,16,02:00,17
Lahti Laune,2006,11,17,02:00,14
Lahti Laune,2006,11,18,02:00,10
Lahti Laune,2006,11,19,02:00,5
Lahti Laune,2006,11,20,02:00,4
Lahti Laune,2006,11,21,02:00,0
Lahti Laune,2006,11,22,02:00,-1
Lahti Laune,2006,11,23,02:00,-1
Lahti Laune,2006,11,24,02:00,-1
Lahti Laune,2006,11,25,02:00,-1
Lahti Laune,2006,11,26,02:00,-1
Lahti Laune,2006,11,27,02:00,-1
Lahti Laune,2006,11,28,02:00,-1
Lahti Laune,2006,11,29,02:00,-1
Lahti Laune,2006,11,30,02:00,-1
Lahti Laune,2006,12,1,02:00,-1
Lahti Laune,2006,12,2,02:00,-1
Lahti Laune,2006,12,3,02:00,-1
Lahti Laune,2006,12,4,02:00,-1
Lahti Laune,2006,12,5,02:00,-1
Lahti Laune,2006,12,6,02:00,-1
Lahti Laune,2006,12,7,02:00,-1
Lahti Laune,2006,12,8,02:00,-1
Lahti Laune,2006,12,9,02:00,-1
Lahti Laune,2006,12,10,02:00,-1
Lahti Laune,2006,12,11,02:00,-1
Lahti Laune,2006,12,12,02:00,-1
Lahti Laune,2006,12,13,02:00,-1
Lahti Laune,2006,12,14,02:00,-1
Lahti Laune,2006,12,15,02:00,-1
Lahti Laune,2006,12,16,02:00,-1
Lahti Laune,2006,12,17,02:00,-1
Lahti Laune,2006,12,18,02:00,0
Lahti Laune,2006,12,19,02:00,0
Lahti Laune,2006,12,20,02:00,4
Lahti Laune,2006,12,21,02:00,5
Lahti Laune,2006,12,22,02:00,4
Lahti Laune,2006,12,23,02:00,3
Lahti Laune,2006,12,24,02:00,0
Lahti Laune,2006,12,25,02:00,0
Lahti Laune,2006,12,26,02:00,0
Lahti Laune,2006,12,27,02:00,0
Lahti Laune,2006,12,28,02:00,0
Lahti Laune,2006,12,29,02:00,0
Lahti Laune,2006,12,30,02:00,0
Lahti Laune,2006,12,31,02:00,-1
Lahti Laune,2007,1,1,02:00,-1
Lahti Laune,2007,1,2,02:00,-1
Lahti Laune,2007,1,3,02:00,-1
Lahti Laune,2007,1,4,02:00,-1
Lahti Laune,2007,1,5,02:00,-1
Lahti Laune,2007,1,6,02:00,-1
Lahti Laune,2007,1,7,02:00,-1
Lahti Laune,2007,1,8,02:00,-1
Lahti Laune,2007,1,9,02:00,-1
Lahti Laune,2007,1,10,02:00,-1
Lahti Laune,2007,1,11,02:00,-1
Lahti Laune,2007,1,12,02:00,1
Lahti Laune,2007,1,13,02:00,2
Lahti Laune,2007,1,14,02:00,3
Lahti Laune,2007,1,15,02:00,8
Lahti Laune,2007,1,16,02:00,11
Lahti Laune,2007,1,17,02:00,4
Lahti Laune,2007,1,18,02:00,6
Lahti Laune,2007,1,19,02:00,4
Lahti Laune,2007,1,20,02:00,4
Lahti Laune,2007,1,21,02:00,4
Lahti Laune,2007,1,22,02:00,4
Lahti Laune,2007,1,23,02:00,4
Lahti Laune,2007,1,24,02:00,5
Lahti Laune,2007,1,25,02:00,7
Lahti Laune,2007,1,26,02:00,6
Lahti Laune,2007,1,27,02:00,10
Lahti Laune,2007,1,28,02:00,11
Lahti Laune,2007,1,29,02:00,11
Lahti Laune,2007,1,30,02:00,11
Lahti Laune,2007,1,31,02:00,11
Lahti Laune,2007,2,1,02:00,13
Lahti Laune,2007,2,2,02:00,13
Lahti Laune,2007,2,3,02:00,23
Lahti Laune,2007,2,4,02:00,22
Lahti Laune,2007,2,5,02:00,22
Lahti Laune,2007,2,6,02:00,23
Lahti Laune,2007,2,7,02:00,23
Lahti Laune,2007,2,8,02:00,22
Lahti Laune,2007,2,9,02:00,22
Lahti Laune,2007,2,10,02:00,21
Lahti Laune,2007,2,11,02:00,21
Lahti Laune,2007,2,12,02:00,21
Lahti Laune,2007,2,13,02:00,20
Lahti Laune,2007,2,14,02:00,20
Lahti Laune,2007,2,15,02:00,20
Lahti Laune,2007,2,16,02:00,21
Lahti Laune,2007,2,17,02:00,21
Lahti Laune,2007,2,18,02:00,21
Lahti Laune,2007,2,19,02:00,20
Lahti Laune,2007,2,20,02:00,20
Lahti Laune,2007,2,21,02:00,20
Lahti Laune,2007,2,22,02:00,20
Lahti Laune,2007,2,23,02:00,20
Lahti Laune,2007,2,24,02:00,20
Lahti Laune,2007,2,25,02:00,20
Lahti Laune,2007,2,26,02:00,20
Lahti Laune,2007,2,27,02:00,20
Lahti Laune,2007,2,28,02:00,22
Lahti Laune,2007,3,1,02:00,24
Lahti Laune,2007,3,2,02:00,25
Lahti Laune,2007,3,3,02:00,22
Lahti Laune,2007,3,4,02:00,20
Lahti Laune,2007,3,5,02:00,20
Lahti Laune,2007,3,6,02:00,19
Lahti Laune,2007,3,7,02:00,22
Lahti Laune,2007,3,8,02:00,20
Lahti Laune,2007,3,9,02:00,18
Lahti Laune,2007,3,10,02:00,18
Lahti Laune,2007,3,11,02:00,17
Lahti Laune,2007,3,12,02:00,17
Lahti Laune,2007,3,13,02:00,10
Lahti Laune,2007,3,14,02:00,8
Lahti Laune,2007,3,15,02:00,8
Lahti Laune,2007,3,16,02:00,7
Lahti Laune,2007,3,17,02:00,0
Lahti Laune,2007,3,18,02:00,2
Lahti Laune,2007,3,19,02:00,2
Lahti Laune,2007,3,20,02:00,0
Lahti Laune,2007,3,21,02:00,0
Lahti Laune,2007,3,22,02:00,0
Lahti Laune,2007,3,23,02:00,0
Lahti Laune,2007,3,24,02:00,-1
Lahti Laune,2007,3,25,02:00,-1
Lahti Laune,2007,3,26,03:00,-1
Lahti Laune,2007,3,27,03:00,-1
Lahti Laune,2007,3,28,03:00,-1
Lahti Laune,2007,3,29,03:00,-1
Lahti Laune,2007,3,30,03:00,-1
Lahti Laune,2007,3,31,03:00,-1
Lahti Laune,2007,4,1,03:00,-1
Lahti Laune,2007,4,2,03:00,-1
Lahti Laune,2007,4,3,03:00,-1
Lahti Laune,2007,4,4,03:00,-1
Lahti Laune,2007,4,5,03:00,-1
Lahti Laune,2007,4,6,03:00,0
Lahti Laune,2007,4,7,03:00,-1
Lahti Laune,2007,4,8,03:00,-1
Lahti Laune,2007,4,9,03:00,-1
Lahti Laune,2007,4,10,03:00,-1
Lahti Laune,2007,4,11,03:00,-1
Lahti Laune,2007,4,12,03:00,-1
Lahti Laune,2007,4,13,03:00,-1
Lahti Laune,2007,4,14,03:00,-1
Lahti Laune,2007,4,15,03:00,-1
Lahti Laune,2007,4,16,03:00,-1
Lahti Laune,2007,4,17,03:00,-1
Lahti Laune,2007,4,18,03:00,-1
Lahti Laune,2007,4,19,03:00,-1
Lahti Laune,2007,4,20,03:00,-1
Lahti Laune,2007,4,21,03:00,-1
Lahti Laune,2007,4,22,03:00,-1
Lahti Laune,2007,4,23,03:00,-1
Lahti Laune,2007,4,24,03:00,-1
Lahti Laune,2007,4,25,03:00,-1
Lahti Laune,2007,4,26,03:00,-1
Lahti Laune,2007,4,27,03:00,-1
Lahti Laune,2007,4,28,03:00,-1
Lahti Laune,2007,4,29,03:00,-1
Lahti Laune,2007,4,30,03:00,-1
Lahti Laune,2007,5,1,03:00,-1
Lahti Laune,2007,5,2,03:00,-1
Lahti Laune,2007,5,3,03:00,-1
Lahti Laune,2007,5,4,03:00,-1
Lahti Laune,2007,5,5,03:00,-1
Lahti Laune,2007,5,6,03:00,-1
Lahti Laune,2007,5,7,03:00,-1
Lahti Laune,2007,5,8,03:00,-1
Lahti Laune,2007,5,9,03:00,-1
Lahti Laune,2007,5,10,03:00,-1
Lahti Laune,2007,5,11,03:00,-1
Lahti Laune,2007,5,12,03:00,-1
Lahti Laune,2007,5,13,03:00,-1
Lahti Laune,2007,5,14,03:00,-1
Lahti Laune,2007,5,15,03:00,-1
Lahti Laune,2007,5,16,03:00,-1
Lahti Laune,2007,5,17,03:00,-1
Lahti Laune,2007,5,18,03:00,-1
Lahti Laune,2007,5,19,03:00,-1
Lahti Laune,2007,5,20,03:00,-1
Lahti Laune,2007,5,21,03:00,-1
Lahti Laune,2007,5,22,03:00,-1
Lahti Laune,2007,5,23,03:00,-1
Lahti Laune,2007,5,24,03:00,-1
Lahti Laune,2007,5,25,03:00,-1
Lahti Laune,2007,5,26,03:00,-1
Lahti Laune,2007,5,27,03:00,-1
Lahti Laune,2007,5,28,03:00,-1
Lahti Laune,2007,5,29,03:00,-1
Lahti Laune,2007,5,30,03:00,-1
Lahti Laune,2007,5,31,03:00,-1
Lahti Laune,2007,6,1,03:00,-1
Lahti Laune,2007,6,2,03:00,-1
Lahti Laune,2007,6,3,03:00,-1
Lahti Laune,2007,6,4,03:00,-1
Lahti Laune,2007,6,5,03:00,-1
Lahti Laune,2007,6,6,03:00,-1
Lahti Laune,2007,6,7,03:00,-1
Lahti Laune,2007,6,8,03:00,-1
Lahti Laune,2007,6,9,03:00,-1
Lahti Laune,2007,6,10,03:00,-1
Lahti Laune,2007,6,11,03:00,-1
Lahti Laune,2007,6,12,03:00,-1
Lahti Laune,2007,6,13,03:00,-1
Lahti Laune,2007,6,14,03:00,-1
Lahti Laune,2007,6,15,03:00,-1
Lahti Laune,2007,6,16,03:00,-1
Lahti Laune,2007,6,17,03:00,-1
Lahti Laune,2007,6,18,03:00,-1
Lahti Laune,2007,6,19,03:00,-1
Lahti Laune,2007,6,20,03:00,-1
Lahti Laune,2007,6,21,03:00,-1
Lahti Laune,2007,6,22,03:00,-1
Lahti Laune,2007,6,23,03:00,-1
Lahti Laune,2007,6,24,03:00,-1
Lahti Laune,2007,6,25,03:00,-1
Lahti Laune,2007,6,26,03:00,-1
Lahti Laune,2007,6,27,03:00,-1
Lahti Laune,2007,6,28,03:00,-1
Lahti Laune,2007,6,29,03:00,-1
Lahti Laune,2007,6,30,03:00,-1
Lahti Laune,2007,7,1,03:00,-1
Lahti Laune,2007,7,2,03:00,-1
Lahti Laune,2007,7,3,03:00,-1
Lahti Laune,2007,7,4,03:00,-1
Lahti Laune,2007,7,5,03:00,-1
Lahti Laune,2007,7,6,03:00,-1
Lahti Laune,2007,7,7,03:00,-1
Lahti Laune,2007,7,8,03:00,-1
Lahti Laune,2007,7,9,03:00,-1
Lahti Laune,2007,7,10,03:00,-1
Lahti Laune,2007,7,11,03:00,-1
Lahti Laune,2007,7,12,03:00,-1
Lahti Laune,2007,7,13,03:00,-1
Lahti Laune,2007,7,14,03:00,-1
Lahti Laune,2007,7,15,03:00,-1
Lahti Laune,2007,7,16,03:00,-1
Lahti Laune,2007,7,17,03:00,-1
Lahti Laune,2007,7,18,03:00,-1
Lahti Laune,2007,7,19,03:00,-1
Lahti Laune,2007,7,20,03:00,-1
Lahti Laune,2007,7,21,03:00,-1
Lahti Laune,2007,7,22,03:00,-1
Lahti Laune,2007,7,23,03:00,-1
Lahti Laune,2007,7,24,03:00,-1
Lahti Laune,2007,7,25,03:00,-1
Lahti Laune,2007,7,26,03:00,-1
Lahti Laune,2007,7,27,03:00,-1
Lahti Laune,2007,7,28,03:00,-1
Lahti Laune,2007,7,29,03:00,-1
Lahti Laune,2007,7,30,03:00,-1
Lahti Laune,2007,7,31,03:00,-1
Lahti Laune,2007,8,1,03:00,-1
Lahti Laune,2007,8,2,03:00,-1
Lahti Laune,2007,8,3,03:00,-1
Lahti Laune,2007,8,4,03:00,-1
Lahti Laune,2007,8,5,03:00,-1
Lahti Laune,2007,8,6,03:00,-1
Lahti Laune,2007,8,7,03:00,-1
Lahti Laune,2007,8,8,03:00,-1
Lahti Laune,2007,8,9,03:00,-1
Lahti Laune,2007,8,10,03:00,-1
Lahti Laune,2007,8,11,03:00,-1
Lahti Laune,2007,8,12,03:00,-1
Lahti Laune,2007,8,13,03:00,-1
Lahti Laune,2007,8,14,03:00,-1
Lahti Laune,2007,8,15,03:00,-1
Lahti Laune,2007,8,16,03:00,-1
Lahti Laune,2007,8,17,03:00,-1
Lahti Laune,2007,8,18,03:00,-1
Lahti Laune,2007,8,19,03:00,-1
Lahti Laune,2007,8,20,03:00,-1
Lahti Laune,2007,8,21,03:00,-1
Lahti Laune,2007,8,22,03:00,-1
Lahti Laune,2007,8,23,03:00,-1
Lahti Laune,2007,8,24,03:00,-1
Lahti Laune,2007,8,25,03:00,-1
Lahti Laune,2007,8,26,03:00,-1
Lahti Laune,2007,8,27,03:00,-1
Lahti Laune,2007,8,28,03:00,-1
Lahti Laune,2007,8,29,03:00,-1
Lahti Laune,2007,8,30,03:00,-1
Lahti Laune,2007,8,31,03:00,-1
Lahti Laune,2007,9,1,03:00,-1
Lahti Laune,2007,9,2,03:00,-1
Lahti Laune,2007,9,3,03:00,-1
Lahti Laune,2007,9,4,03:00,-1
Lahti Laune,2007,9,5,03:00,-1
Lahti Laune,2007,9,6,03:00,-1
Lahti Laune,2007,9,7,03:00,-1
Lahti Laune,2007,9,8,03:00,-1
Lahti Laune,2007,9,9,03:00,-1
Lahti Laune,2007,9,10,03:00,-1
Lahti Laune,2007,9,11,03:00,-1
Lahti Laune,2007,9,12,03:00,-1
Lahti Laune,2007,9,13,03:00,-1
Lahti Laune,2007,9,14,03:00,-1
Lahti Laune,2007,9,15,03:00,-1
Lahti Laune,2007,9,16,03:00,-1
Lahti Laune,2007,9,17,03:00,-1
Lahti Laune,2007,9,18,03:00,-1
Lahti Laune,2007,9,19,03:00,-1
Lahti Laune,2007,9,20,03:00,-1
Lahti Laune,2007,9,21,03:00,-1
Lahti Laune,2007,9,22,03:00,-1
Lahti Laune,2007,9,23,03:00,-1
Lahti Laune,2007,9,24,03:00,-1
Lahti Laune,2007,9,25,03:00,-1
Lahti Laune,2007,9,26,03:00,-1
Lahti Laune,2007,9,27,03:00,-1
Lahti Laune,2007,9,28,03:00,-1
Lahti Laune,2007,9,29,03:00,-1
Lahti Laune,2007,9,30,03:00,-1
Lahti Laune,2007,10,1,03:00,-1
Lahti Laune,2007,10,2,03:00,-1
Lahti Laune,2007,10,3,03:00,-1
Lahti Laune,2007,10,4,03:00,-1
Lahti Laune,2007,10,5,03:00,-1
Lahti Laune,2007,10,6,03:00,-1
Lahti Laune,2007,10,7,03:00,-1
Lahti Laune,2007,10,8,03:00,-1
Lahti Laune,2007,10,9,03:00,-1
Lahti Laune,2007,10,10,03:00,-1
Lahti Laune,2007,10,11,03:00,-1
Lahti Laune,2007,10,12,03:00,2
Lahti Laune,2007,10,13,03:00,-1
Lahti Laune,2007,10,14,03:00,-1
Lahti Laune,2007,10,15,03:00,-1
Lahti Laune,2007,10,16,03:00,-1
Lahti Laune,2007,10,17,03:00,-1
Lahti Laune,2007,10,18,03:00,-1
Lahti Laune,2007,10,19,03:00,-1
Lahti Laune,2007,10,20,03:00,-1
Lahti Laune,2007,10,21,03:00,-1
Lahti Laune,2007,10,22,03:00,-1
Lahti Laune,2007,10,23,03:00,-1
Lahti Laune,2007,10,24,03:00,-1
Lahti Laune,2007,10,25,03:00,-1
Lahti Laune,2007,10,26,03:00,-1
Lahti Laune,2007,10,27,03:00,-1
Lahti Laune,2007,10,28,03:00,-1
Lahti Laune,2007,10,29,02:00,-1
Lahti Laune,2007,10,30,02:00,-1
Lahti Laune,2007,10,31,02:00,-1
Lahti Laune,2007,11,1,02:00,-1
Lahti Laune,2007,11,2,02:00,-1
Lahti Laune,2007,11,3,02:00,-1
Lahti Laune,2007,11,4,02:00,1
Lahti Laune,2007,11,5,02:00,1
Lahti Laune,2007,11,6,02:00,-1
Lahti Laune,2007,11,7,02:00,1
Lahti Laune,2007,11,8,02:00,-1
Lahti Laune,2007,11,9,02:00,-1
Lahti Laune,2007,11,10,02:00,-1
Lahti Laune,2007,11,11,02:00,-1
Lahti Laune,2007,11,12,02:00,0
Lahti Laune,2007,11,13,02:00,0
Lahti Laune,2007,11,14,02:00,0
Lahti Laune,2007,11,15,02:00,0
Lahti Laune,2007,11,16,02:00,2
Lahti Laune,2007,11,17,02:00,2
Lahti Laune,2007,11,18,02:00,4
Lahti Laune,2007,11,19,02:00,-1
Lahti Laune,2007,11,20,02:00,-1
Lahti Laune,2007,11,21,02:00,-1
Lahti Laune,2007,11,22,02:00,-1
Lahti Laune,2007,11,23,02:00,-1
Lahti Laune,2007,11,24,02:00,6
Lahti Laune,2007,11,25,02:00,6
Lahti Laune,2007,11,26,02:00,4
Lahti Laune,2007,11,27,02:00,6
Lahti Laune,2007,11,28,02:00,6
Lahti Laune,2007,11,29,02:00,6
Lahti Laune,2007,11,30,02:00,5
Lahti Laune,2007,12,1,02:00,5
Lahti Laune,2007,12,2,02:00,7
Lahti Laune,2007,12,3,02:00,5
Lahti Laune,2007,12,4,02:00,8
Lahti Laune,2007,12,5,02:00,12
Lahti Laune,2007,12,6,02:00,6
Lahti Laune,2007,12,7,02:00,-1
Lahti Laune,2007,12,8,02:00,2
Lahti Laune,2007,12,9,02:00,-1
Lahti Laune,2007,12,10,02:00,-1
Lahti Laune,2007,12,11,02:00,-1
Lahti Laune,2007,12,12,02:00,0
Lahti Laune,2007,12,13,02:00,0
Lahti Laune,2007,12,14,02:00,0
Lahti Laune,2007,12,15,02:00,0
Lahti Laune,2007,12,16,02:00,0
Lahti Laune,2007,12,17,02:00,0
Lahti Laune,2007,12,18,02:00,0
Lahti Laune,2007,12,19,02:00,-1
Lahti Laune,2007,12,20,02:00,-1
Lahti Laune,2007,12,21,02:00,-1
Lahti Laune,2007,12,22,02:00,-1
Lahti Laune,2007,12,23,02:00,-1
Lahti Laune,2007,12,24,02:00,0
Lahti Laune,2007,12,25,02:00,-1
Lahti Laune,2007,12,26,02:00,-1
Lahti Laune,2007,12,27,02:00,-1
Lahti Laune,2007,12,28,02:00,-1
Lahti Laune,2007,12,29,02:00,-1
Lahti Laune,2007,12,30,02:00,-1
Lahti Laune,2007,12,31,02:00,-1
Lahti Laune,2008,1,1,02:00,0
Lahti Laune,2008,1,2,02:00,0
Lahti Laune,2008,1,3,02:00,0
Lahti Laune,2008,1,4,02:00,0
Lahti Laune,2008,1,5,02:00,0
Lahti Laune,2008,1,6,02:00,0
Lahti Laune,2008,1,7,02:00,4
Lahti Laune,2008,1,8,02:00,10
Lahti Laune,2008,1,9,02:00,13
Lahti Laune,2008,1,10,02:00,12
Lahti Laune,2008,1,11,02:00,10
Lahti Laune,2008,1,12,02:00,7
Lahti Laune,2008,1,13,02:00,3
Lahti Laune,2008,1,14,02:00,3
Lahti Laune,2008,1,15,02:00,-1
Lahti Laune,2008,1,16,02:00,-1
Lahti Laune,2008,1,17,02:00,-1
Lahti Laune,2008,1,18,02:00,-1
Lahti Laune,2008,1,19,02:00,-1
Lahti Laune,2008,1,20,02:00,-1
Lahti Laune,2008,1,21,02:00,2
Lahti Laune,2008,1,22,02:00,10
Lahti Laune,2008,1,23,02:00,11
Lahti Laune,2008,1,24,02:00,10
Lahti Laune,2008,1,25,02:00,12
Lahti Laune,2008,1,26,02:00,12
Lahti Laune,2008,1,27,02:00,12
Lahti Laune,2008,1,28,02:00,12
Lahti Laune,2008,1,29,02:00,12
Lahti Laune,2008,1,30,02:00,7
Lahti Laune,2008,1,31,02:00,20
Lahti Laune,2008,2,1,02:00,19
Lahti Laune,2008,2,2,02:00,23
Lahti Laune,2008,2,3,02:00,26
Lahti Laune,2008,2,4,02:00,26
Lahti Laune,2008,2,5,02:00,26
Lahti Laune,2008,2,6,02:00,27
Lahti Laune,2008,2,7,02:00,20
Lahti Laune,2008,2,8,02:00,18
Lahti Laune,2008,2,9,02:00,18
Lahti Laune,2008,2,10,02:00,15
Lahti Laune,2008,2,11,02:00,13
Lahti Laune,2008,2,12,02:00,11
Lahti Laune,2008,2,13,02:00,11
Lahti Laune,2008,2,14,02:00,10
Lahti Laune,2008,2,15,02:00,10
Lahti Laune,2008,2,16,02:00,10
Lahti Laune,2008,2,17,02:00,10
Lahti Laune,2008,2,18,02:00,10
Lahti Laune,2008,2,19,02:00,10
Lahti Laune,2008,2,20,02:00,10
Lahti Laune,2008,2,21,02:00,13
Lahti Laune,2008,2,22,02:00,11
Lahti Laune,2008,2,23,02:00,10
Lahti Laune,2008,2,24,02:00,10
Lahti Laune,2008,2,25,02:00,11
Lahti Laune,2008,2,26,02:00,11
Lahti Laune,2008,2,27,02:00,16
Lahti Laune,2008,2,28,02:00,15
Lahti Laune,2008,2,29,02:00,16
Lahti Laune,2008,3,1,02:00,16
Lahti Laune,2008,3,2,02:00,16
Lahti Laune,2008,3,3,02:00,16
Lahti Laune,2008,3,4,02:00,21
Lahti Laune,2008,3,5,02:00,20
Lahti Laune,2008,3,6,02:00,19
Lahti Laune,2008,3,7,02:00,24
Lahti Laune,2008,3,8,02:00,20
Lahti Laune,2008,3,9,02:00,21
Lahti Laune,2008,3,10,02:00,18
Lahti Laune,2008,3,11,02:00,15
Lahti Laune,2008,3,12,02:00,12
Lahti Laune,2008,3,13,02:00,11
Lahti Laune,2008,3,14,02:00,12
Lahti Laune,2008,3,15,02:00,14
Lahti Laune,2008,3,16,02:00,15
Lahti Laune,2008,3,17,02:00,15
Lahti Laune,2008,3,18,02:00,16
Lahti Laune,2008,3,19,02:00,16
Lahti Laune,2008,3,20,02:00,16
Lahti Laune,2008,3,21,02:00,16
Lahti Laune,2008,3,22,02:00,16
Lahti Laune,2008,3,23,02:00,18
Lahti Laune,2008,3,24,02:00,20
Lahti Laune,2008,3,25,02:00,19
Lahti Laune,2008,3,26,02:00,28
Lahti Laune,2008,3,27,02:00,38
Lahti Laune,2008,3,28,02:00,35
Lahti Laune,2008,3,29,02:00,33
Lahti Laune,2008,3,30,02:00,30
Lahti Laune,2008,3,31,03:00,27
Lahti Laune,2008,4,1,03:00,23
Lahti Laune,2008,4,2,03:00,19
Lahti Laune,2008,4,3,03:00,17
Lahti Laune,2008,4,4,03:00,15
Lahti Laune,2008,4,5,03:00,11
Lahti Laune,2008,4,6,03:00,8
Lahti Laune,2008,4,7,03:00,5
Lahti Laune,2008,4,8,03:00,0
Lahti Laune,2008,4,9,03:00,-1
Lahti Laune,2008,4,10,03:00,-1
Lahti Laune,2008,4,11,03:00,-1
Lahti Laune,2008,4,12,03:00,-1
Lahti Laune,2008,4,13,03:00,-1
Lahti Laune,2008,4,14,03:00,-1
Lahti Laune,2008,4,15,03:00,-1
Lahti Laune,2008,4,16,03:00,-1
Lahti Laune,2008,4,17,03:00,-1
Lahti Laune,2008,4,18,03:00,-1
Lahti Laune,2008,4,19,03:00,-1
Lahti Laune,2008,4,20,03:00,-1
Lahti Laune,2008,4,21,03:00,-1
Lahti Laune,2008,4,22,03:00,-1
Lahti Laune,2008,4,23,03:00,-1
Lahti Laune,2008,4,24,03:00,-1
Lahti Laune,2008,4,25,03:00,-1
Lahti Laune,2008,4,26,03:00,-1
Lahti Laune,2008,4,27,03:00,-1
Lahti Laune,2008,4,28,03:00,-1
Lahti Laune,2008,4,29,03:00,-1
Lahti Laune,2008,4,30,03:00,-1
Lahti Laune,2008,5,1,03:00,-1
Lahti Laune,2008,5,2,03:00,-1
Lahti Laune,2008,5,3,03:00,-1
Lahti Laune,2008,5,4,03:00,-1
Lahti Laune,2008,5,5,03:00,-1
Lahti Laune,2008,5,6,03:00,-1
Lahti Laune,2008,5,7,03:00,-1
Lahti Laune,2008,5,8,03:00,-1
Lahti Laune,2008,5,9,03:00,-1
Lahti Laune,2008,5,10,03:00,-1
Lahti Laune,2008,5,11,03:00,-1
Lahti Laune,2008,5,12,03:00,-1
Lahti Laune,2008,5,13,03:00,-1
Lahti Laune,2008,5,14,03:00,-1
Lahti Laune,2008,5,15,03:00,-1
Lahti Laune,2008,5,16,03:00,-1
Lahti Laune,2008,5,17,03:00,-1
Lahti Laune,2008,5,18,03:00,-1
Lahti Laune,2008,5,19,03:00,-1
Lahti Laune,2008,5,20,03:00,-1
Lahti Laune,2008,5,21,03:00,-1
Lahti Laune,2008,5,22,03:00,-1
Lahti Laune,2008,5,23,03:00,-1
Lahti Laune,2008,5,24,03:00,-1
Lahti Laune,2008,5,25,03:00,-1
Lahti Laune,2008,5,26,03:00,-1
Lahti Laune,2008,5,27,03:00,-1
Lahti Laune,2008,5,28,03:00,-1
Lahti Laune,2008,5,29,03:00,-1
Lahti Laune,2008,5,30,03:00,-1
Lahti Laune,2008,5,31,03:00,-1
Lahti Laune,2008,6,1,03:00,-1
Lahti Laune,2008,6,2,03:00,-1
Lahti Laune,2008,6,3,03:00,-1
Lahti Laune,2008,6,4,03:00,-1
Lahti Laune,2008,6,5,03:00,-1
Lahti Laune,2008,6,6,03:00,-1
Lahti Laune,2008,6,7,03:00,-1
Lahti Laune,2008,6,8,03:00,-1
Lahti Laune,2008,6,9,03:00,-1
Lahti Laune,2008,6,10,03:00,-1
Lahti Laune,2008,6,11,03:00,-1
Lahti Laune,2008,6,12,03:00,-1
Lahti Laune,2008,6,13,03:00,-1
Lahti Laune,2008,6,14,03:00,-1
Lahti Laune,2008,6,15,03:00,-1
Lahti Laune,2008,6,16,03:00,-1
Lahti Laune,2008,6,17,03:00,-1
Lahti Laune,2008,6,18,03:00,-1
Lahti Laune,2008,6,19,03:00,-1
Lahti Laune,2008,6,20,03:00,-1
Lahti Laune,2008,6,21,03:00,-1
Lahti Laune,2008,6,22,03:00,-1
Lahti Laune,2008,6,23,03:00,-1
Lahti Laune,2008,6,24,03:00,-1
Lahti Laune,2008,6,25,03:00,-1
Lahti Laune,2008,6,26,03:00,-1
Lahti Laune,2008,6,27,03:00,-1
Lahti Laune,2008,6,28,03:00,-1
Lahti Laune,2008,6,29,03:00,-1
Lahti Laune,2008,6,30,03:00,-1
Lahti Laune,2008,7,1,03:00,-1
Lahti Laune,2008,7,2,03:00,-1
Lahti Laune,2008,7,3,03:00,-1
Lahti Laune,2008,7,4,03:00,-1
Lahti Laune,2008,7,5,03:00,-1
Lahti Laune,2008,7,6,03:00,-1
Lahti Laune,2008,7,7,03:00,-1
Lahti Laune,2008,7,8,03:00,-1
Lahti Laune,2008,7,9,03:00,-1
Lahti Laune,2008,7,10,03:00,-1
Lahti Laune,2008,7,11,03:00,-1
Lahti Laune,2008,7,12,03:00,-1
Lahti Laune,2008,7,13,03:00,-1
Lahti Laune,2008,7,14,03:00,-1
Lahti Laune,2008,7,15,03:00,-1
Lahti Laune,2008,7,16,03:00,-1
Lahti Laune,2008,7,17,03:00,-1
Lahti Laune,2008,7,18,03:00,-1
Lahti Laune,2008,7,19,03:00,-1
Lahti Laune,2008,7,20,03:00,-1
Lahti Laune,2008,7,21,03:00,-1
Lahti Laune,2008,7,22,03:00,-1
Lahti Laune,2008,7,23,03:00,-1
Lahti Laune,2008,7,24,03:00,-1
Lahti Laune,2008,7,25,03:00,-1
Lahti Laune,2008,7,26,03:00,-1
Lahti Laune,2008,7,27,03:00,-1
Lahti Laune,2008,7,28,03:00,-1
Lahti Laune,2008,7,29,03:00,-1
Lahti Laune,2008,7,30,03:00,-1
Lahti Laune,2008,7,31,03:00,-1
Lahti Laune,2008,8,1,03:00,-1
Lahti Laune,2008,8,2,03:00,-1
Lahti Laune,2008,8,3,03:00,-1
Lahti Laune,2008,8,4,03:00,-1
Lahti Laune,2008,8,5,03:00,-1
Lahti Laune,2008,8,6,03:00,-1
Lahti Laune,2008,8,7,03:00,-1
Lahti Laune,2008,8,8,03:00,-1
Lahti Laune,2008,8,9,03:00,-1
Lahti Laune,2008,8,10,03:00,-1
Lahti Laune,2008,8,11,03:00,-1
Lahti Laune,2008,8,12,03:00,-1
Lahti Laune,2008,8,13,03:00,-1
Lahti Laune,2008,8,14,03:00,-1
Lahti Laune,2008,8,15,03:00,-1
Lahti Laune,2008,8,16,03:00,-1
Lahti Laune,2008,8,17,03:00,-1
Lahti Laune,2008,8,18,03:00,-1
Lahti Laune,2008,8,19,03:00,-1
Lahti Laune,2008,8,20,03:00,-1
Lahti Laune,2008,8,21,03:00,-1
Lahti Laune,2008,8,22,03:00,-1
Lahti Laune,2008,8,23,03:00,-1
Lahti Laune,2008,8,24,03:00,-1
Lahti Laune,2008,8,25,03:00,-1
Lahti Laune,2008,8,26,03:00,-1
Lahti Laune,2008,8,27,03:00,-1
Lahti Laune,2008,8,28,03:00,-1
Lahti Laune,2008,8,29,03:00,-1
Lahti Laune,2008,8,30,03:00,-1
Lahti Laune,2008,8,31,03:00,-1
Lahti Laune,2008,9,1,03:00,-1
Lahti Laune,2008,9,2,03:00,-1
Lahti Laune,2008,9,3,03:00,-1
Lahti Laune,2008,9,4,03:00,-1
Lahti Laune,2008,9,5,03:00,-1
Lahti Laune,2008,9,6,03:00,-1
Lahti Laune,2008,9,7,03:00,-1
Lahti Laune,2008,9,8,03:00,-1
Lahti Laune,2008,9,9,03:00,-1
Lahti Laune,2008,9,10,03:00,-1
Lahti Laune,2008,9,11,03:00,-1
Lahti Laune,2008,9,12,03:00,-1
Lahti Laune,2008,9,13,03:00,-1
Lahti Laune,2008,9,14,03:00,-1
Lahti Laune,2008,9,15,03:00,-1
Lahti Laune,2008,9,16,03:00,-1
Lahti Laune,2008,9,17,03:00,-1
Lahti Laune,2008,9,18,03:00,-1
Lahti Laune,2008,9,19,03:00,-1
Lahti Laune,2008,9,20,03:00,-1
Lahti Laune,2008,9,21,03:00,-1
Lahti Laune,2008,9,22,03:00,-1
Lahti Laune,2008,9,23,03:00,-1
Lahti Laune,2008,9,24,03:00,-1
Lahti Laune,2008,9,25,03:00,-1
Lahti Laune,2008,9,26,03:00,-1
Lahti Laune,2008,9,27,03:00,-1
Lahti Laune,2008,9,28,03:00,-1
Lahti Laune,2008,9,29,03:00,-1
Lahti Laune,2008,9,30,03:00,-1
Lahti Laune,2008,10,1,03:00,-1
Lahti Laune,2008,10,2,03:00,-1
Lahti Laune,2008,10,3,03:00,-1
Lahti Laune,2008,10,4,03:00,-1
Lahti Laune,2008,10,5,03:00,-1
Lahti Laune,2008,10,6,03:00,-1
Lahti Laune,2008,10,7,03:00,-1
Lahti Laune,2008,10,8,03:00,-1
Lahti Laune,2008,10,9,03:00,-1
Lahti Laune,2008,10,10,03:00,-1
Lahti Laune,2008,10,11,03:00,-1
Lahti Laune,2008,10,12,03:00,-1
Lahti Laune,2008,10,13,03:00,-1
Lahti Laune,2008,10,14,03:00,-1
Lahti Laune,2008,10,15,03:00,-1
Lahti Laune,2008,10,16,03:00,-1
Lahti Laune,2008,10,17,03:00,-1
Lahti Laune,2008,10,18,03:00,-1
Lahti Laune,2008,10,19,03:00,-1
Lahti Laune,2008,10,20,03:00,-1
Lahti Laune,2008,10,21,03:00,-1
Lahti Laune,2008,10,22,03:00,-1
Lahti Laune,2008,10,23,03:00,-1
Lahti Laune,2008,10,24,03:00,-1
Lahti Laune,2008,10,25,03:00,-1
Lahti Laune,2008,10,26,03:00,-1
Lahti Laune,2008,10,27,02:00,-1
Lahti Laune,2008,10,28,02:00,-1
Lahti Laune,2008,10,29,02:00,-1
Lahti Laune,2008,10,30,02:00,-1
Lahti Laune,2008,10,31,02:00,-1
Lahti Laune,2008,11,1,02:00,-1
Lahti Laune,2008,11,2,02:00,-1
Lahti Laune,2008,11,3,02:00,-1
Lahti Laune,2008,11,4,02:00,-1
Lahti Laune,2008,11,5,02:00,-1
Lahti Laune,2008,11,6,02:00,-1
Lahti Laune,2008,11,7,02:00,-1
Lahti Laune,2008,11,8,02:00,-1
Lahti Laune,2008,11,9,02:00,-1
Lahti Laune,2008,11,10,02:00,-1
Lahti Laune,2008,11,11,02:00,-1
Lahti Laune,2008,11,12,02:00,-1
Lahti Laune,2008,11,13,02:00,-1
Lahti Laune,2008,11,14,02:00,-1
Lahti Laune,2008,11,15,02:00,-1
Lahti Laune,2008,11,16,02:00,-1
Lahti Laune,2008,11,17,02:00,-1
Lahti Laune,2008,11,18,02:00,-1
Lahti Laune,2008,11,19,02:00,1
Lahti Laune,2008,11,20,02:00,3
Lahti Laune,2008,11,21,02:00,4
Lahti Laune,2008,11,22,02:00,4
Lahti Laune,2008,11,23,02:00,4
Lahti Laune,2008,11,24,02:00,20
Lahti Laune,2008,11,25,02:00,31
Lahti Laune,2008,11,26,02:00,27
Lahti Laune,2008,11,27,02:00,29
Lahti Laune,2008,11,28,02:00,18
Lahti Laune,2008,11,29,02:00,12
Lahti Laune,2008,11,30,02:00,8
Lahti Laune,2008,12,1,02:00,6
Lahti Laune,2008,12,2,02:00,0
Lahti Laune,2008,12,3,02:00,-1
Lahti Laune,2008,12,4,02:00,-1
Lahti Laune,2008,12,5,02:00,-1
Lahti Laune,2008,12,6,02:00,-1
Lahti Laune,2008,12,7,02:00,-1
Lahti Laune,2008,12,8,02:00,-1
Lahti Laune,2008,12,9,02:00,3
Lahti Laune,2008,12,10,02:00,9
Lahti Laune,2008,12,11,02:00,18
Lahti Laune,2008,12,12,02:00,16
Lahti Laune,2008,12,13,02:00,13
Lahti Laune,2008,12,14,02:00,8
Lahti Laune,2008,12,15,02:00,8
Lahti Laune,2008,12,16,02:00,8
Lahti Laune,2008,12,17,02:00,8
Lahti Laune,2008,12,18,02:00,8
Lahti Laune,2008,12,19,02:00,5
Lahti Laune,2008,12,20,02:00,5
Lahti Laune,2008,12,21,02:00,3
Lahti Laune,2008,12,22,02:00,7
Lahti Laune,2008,12,23,02:00,9
Lahti Laune,2008,12,24,02:00,11
Lahti Laune,2008,12,25,02:00,10
Lahti Laune,2008,12,26,02:00,10
Lahti Laune,2008,12,27,02:00,8
Lahti Laune,2008,12,28,02:00,8
Lahti Laune,2008,12,29,02:00,8
Lahti Laune,2008,12,30,02:00,8
Lahti Laune,2008,12,31,02:00,8
Lahti Laune,2009,1,1,02:00,8
Lahti Laune,2009,1,2,02:00,8
Lahti Laune,2009,1,3,02:00,8
Lahti Laune,2009,1,4,02:00,8
Lahti Laune,2009,1,5,02:00,8
Lahti Laune,2009,1,6,02:00,8
Lahti Laune,2009,1,7,02:00,8
Lahti Laune,2009,1,8,02:00,9
Lahti Laune,2009,1,9,02:00,17
Lahti Laune,2009,1,10,02:00,17
Lahti Laune,2009,1,11,02:00,17
Lahti Laune,2009,1,12,02:00,14
Lahti Laune,2009,1,13,02:00,0
Lahti Laune,2009,1,14,02:00,0
Lahti Laune,2009,1,15,02:00,0
Lahti Laune,2009,1,16,02:00,2
Lahti Laune,2009,1,17,02:00,2
Lahti Laune,2009,1,18,02:00,2
Lahti Laune,2009,1,19,02:00,8
Lahti Laune,2009,1,20,02:00,9
Lahti Laune,2009,1,21,02:00,14
Lahti Laune,2009,1,22,02:00,13
Lahti Laune,2009,1,23,02:00,20
Lahti Laune,2009,1,24,02:00,19
Lahti Laune,2009,1,25,02:00,17
Lahti Laune,2009,1,26,02:00,17
Lahti Laune,2009,1,27,02:00,18
Lahti Laune,2009,1,28,02:00,18
Lahti Laune,2009,1,29,02:00,17
Lahti Laune,2009,1,30,02:00,16
Lahti Laune,2009,1,31,02:00,16
Lahti Laune,2009,2,1,02:00,16
Lahti Laune,2009,2,2,02:00,15
Lahti Laune,2009,2,3,02:00,15
Lahti Laune,2009,2,4,02:00,15
Lahti Laune,2009,2,5,02:00,15
Lahti Laune,2009,2,6,02:00,17
Lahti Laune,2009,2,7,02:00,22
Lahti Laune,2009,2,8,02:00,22
Lahti Laune,2009,2,9,02:00,18
Lahti Laune,2009,2,10,02:00,18
Lahti Laune,2009,2,11,02:00,18
Lahti Laune,2009,2,12,02:00,18
Lahti Laune,2009,2,13,02:00,19
Lahti Laune,2009,2,14,02:00,20
Lahti Laune,2009,2,15,02:00,20
Lahti Laune,2009,2,16,02:00,20
Lahti Laune,2009,2,17,02:00,20
Lahti Laune,2009,2,18,02:00,19
Lahti Laune,2009,2,19,02:00,20
Lahti Laune,2009,2,20,02:00,21
Lahti Laune,2009,2,21,02:00,21
Lahti Laune,2009,2,22,02:00,20
Lahti Laune,2009,2,23,02:00,20
Lahti Laune,2009,2,24,02:00,21
Lahti Laune,2009,2,25,02:00,22
Lahti Laune,2009,2,26,02:00,22
Lahti Laune,2009,2,27,02:00,23
Lahti Laune,2009,2,28,02:00,26
Lahti Laune,2009,3,1,02:00,27
Lahti Laune,2009,3,2,02:00,26
Lahti Laune,2009,3,3,02:00,25
Lahti Laune,2009,3,4,02:00,29
Lahti Laune,2009,3,5,02:00,25
Lahti Laune,2009,3,6,02:00,25
Lahti Laune,2009,3,7,02:00,25
Lahti Laune,2009,3,8,02:00,25
Lahti Laune,2009,3,9,02:00,25
Lahti Laune,2009,3,10,02:00,30
Lahti Laune,2009,3,11,02:00,31
Lahti Laune,2009,3,12,02:00,31
Lahti Laune,2009,3,13,02:00,30
Lahti Laune,2009,3,14,02:00,28
Lahti Laune,2009,3,15,02:00,29
Lahti Laune,2009,3,16,02:00,29
Lahti Laune,2009,3,17,02:00,34
Lahti Laune,2009,3,18,02:00,31
Lahti Laune,2009,3,19,02:00,29
Lahti Laune,2009,3,20,02:00,29
Lahti Laune,2009,3,21,02:00,27
Lahti Laune,2009,3,22,02:00,27
Lahti Laune,2009,3,23,02:00,27
Lahti Laune,2009,3,24,02:00,32
Lahti Laune,2009,3,25,02:00,32
Lahti Laune,2009,3,26,02:00,32
Lahti Laune,2009,3,27,02:00,30
Lahti Laune,2009,3,28,02:00,30
Lahti Laune,2009,3,29,02:00,31
Lahti Laune,2009,3,30,03:00,29
Lahti Laune,2009,3,31,03:00,26
Lahti Laune,2009,4,1,03:00,21
Lahti Laune,2009,4,2,03:00,21
Lahti Laune,2009,4,3,03:00,19
Lahti Laune,2009,4,4,03:00,16
Lahti Laune,2009,4,5,03:00,15
Lahti Laune,2009,4,6,03:00,12
Lahti Laune,2009,4,7,03:00,12
Lahti Laune,2009,4,8,03:00,10
Lahti Laune,2009,4,9,03:00,8
Lahti Laune,2009,4,10,03:00,0
Lahti Laune,2009,4,11,03:00,0
Lahti Laune,2009,4,12,03:00,0
Lahti Laune,2009,4,13,03:00,0
Lahti Laune,2009,4,14,03:00,-1
Lahti Laune,2009,4,15,03:00,-1
Lahti Laune,2009,4,16,03:00,-1
Lahti Laune,2009,4,17,03:00,-1
Lahti Laune,2009,4,18,03:00,-1
Lahti Laune,2009,4,19,03:00,-1
Lahti Laune,2009,4,20,03:00,-1
Lahti Laune,2009,4,21,03:00,-1
Lahti Laune,2009,4,22,03:00,-1
Lahti Laune,2009,4,23,03:00,-1
Lahti Laune,2009,4,24,03:00,-1
Lahti Laune,2009,4,25,03:00,-1
Lahti Laune,2009,4,26,03:00,-1
Lahti Laune,2009,4,27,03:00,-1
Lahti Laune,2009,4,28,03:00,-1
Lahti Laune,2009,4,29,03:00,-1
Lahti Laune,2009,4,30,03:00,-1
Lahti Laune,2009,5,1,03:00,-1
Lahti Laune,2009,5,2,03:00,-1
Lahti Laune,2009,5,3,03:00,-1
Lahti Laune,2009,5,4,03:00,-1
Lahti Laune,2009,5,5,03:00,-1
Lahti Laune,2009,5,6,03:00,-1
Lahti Laune,2009,5,7,03:00,-1
Lahti Laune,2009,5,8,03:00,-1
Lahti Laune,2009,5,9,03:00,-1
Lahti Laune,2009,5,10,03:00,-1
Lahti Laune,2009,5,11,03:00,-1
Lahti Laune,2009,5,12,03:00,-1
Lahti Laune,2009,5,13,03:00,-1
Lahti Laune,2009,5,14,03:00,-1
Lahti Laune,2009,5,15,03:00,-1
Lahti Laune,2009,5,16,03:00,-1
Lahti Laune,2009,5,17,03:00,-1
Lahti Laune,2009,5,18,03:00,-1
Lahti Laune,2009,5,19,03:00,-1
Lahti Laune,2009,5,20,03:00,-1
Lahti Laune,2009,5,21,03:00,-1
Lahti Laune,2009,5,22,03:00,-1
Lahti Laune,2009,5,23,03:00,-1
Lahti Laune,2009,5,24,03:00,-1
Lahti Laune,2009,5,25,03:00,-1
Lahti Laune,2009,5,26,03:00,-1
Lahti Laune,2009,5,27,03:00,-1
Lahti Laune,2009,5,28,03:00,-1
Lahti Laune,2009,5,29,03:00,-1
Lahti Laune,2009,5,30,03:00,-1
Lahti Laune,2009,5,31,03:00,-1
Lahti Laune,2009,6,1,03:00,-1
Lahti Laune,2009,6,2,03:00,-1
Lahti Laune,2009,6,3,03:00,-1
Lahti Laune,2009,6,4,03:00,-1
Lahti Laune,2009,6,5,03:00,-1
Lahti Laune,2009,6,6,03:00,-1
Lahti Laune,2009,6,7,03:00,-1
Lahti Laune,2009,6,8,03:00,-1
Lahti Laune,2009,6,9,03:00,-1
Lahti Laune,2009,6,10,03:00,-1
Lahti Laune,2009,6,11,03:00,-1
Lahti Laune,2009,6,12,03:00,-1
Lahti Laune,2009,6,13,03:00,-1
Lahti Laune,2009,6,14,03:00,-1
Lahti Laune,2009,6,15,03:00,-1
Lahti Laune,2009,6,16,03:00,-1
Lahti Laune,2009,6,17,03:00,-1
Lahti Laune,2009,6,18,03:00,-1
Lahti Laune,2009,6,19,03:00,-1
Lahti Laune,2009,6,20,03:00,-1
Lahti Laune,2009,6,21,03:00,-1
Lahti Laune,2009,6,22,03:00,-1
Lahti Laune,2009,6,23,03:00,-1
Lahti Laune,2009,6,24,03:00,-1
Lahti Laune,2009,6,25,03:00,-1
Lahti Laune,2009,6,26,03:00,-1
Lahti Laune,2009,6,27,03:00,-1
Lahti Laune,2009,6,28,03:00,-1
Lahti Laune,2009,6,29,03:00,-1
Lahti Laune,2009,6,30,03:00,-1
Lahti Laune,2009,7,1,03:00,-1
Lahti Laune,2009,7,2,03:00,-1
Lahti Laune,2009,7,3,03:00,-1
Lahti Laune,2009,7,4,03:00,-1
Lahti Laune,2009,7,5,03:00,-1
Lahti Laune,2009,7,6,03:00,-1
Lahti Laune,2009,7,7,03:00,-1
Lahti Laune,2009,7,8,03:00,-1
Lahti Laune,2009,7,9,03:00,-1
Lahti Laune,2009,7,10,03:00,-1
Lahti Laune,2009,7,11,03:00,-1
Lahti Laune,2009,7,12,03:00,-1
Lahti Laune,2009,7,13,03:00,-1
Lahti Laune,2009,7,14,03:00,-1
Lahti Laune,2009,7,15,03:00,-1
Lahti Laune,2009,7,16,03:00,-1
Lahti Laune,2009,7,17,03:00,-1
Lahti Laune,2009,7,18,03:00,-1
Lahti Laune,2009,7,19,03:00,-1
Lahti Laune,2009,7,20,03:00,-1
Lahti Laune,2009,7,21,03:00,-1
Lahti Laune,2009,7,22,03:00,-1
Lahti Laune,2009,7,23,03:00,-1
Lahti Laune,2009,7,24,03:00,-1
Lahti Laune,2009,7,25,03:00,-1
Lahti Laune,2009,7,26,03:00,-1
Lahti Laune,2009,7,27,03:00,-1
Lahti Laune,2009,7,28,03:00,-1
Lahti Laune,2009,7,29,03:00,-1
Lahti Laune,2009,7,30,03:00,-1
Lahti Laune,2009,7,31,03:00,-1
Lahti Laune,2009,8,1,03:00,-1
Lahti Laune,2009,8,2,03:00,-1
Lahti Laune,2009,8,3,03:00,-1
Lahti Laune,2009,8,4,03:00,-1
Lahti Laune,2009,8,5,03:00,-1
Lahti Laune,2009,8,6,03:00,-1
Lahti Laune,2009,8,7,03:00,-1
Lahti Laune,2009,8,8,03:00,-1
Lahti Laune,2009,8,9,03:00,-1
Lahti Laune,2009,8,10,03:00,-1
Lahti Laune,2009,8,11,03:00,-1
Lahti Laune,2009,8,12,03:00,-1
Lahti Laune,2009,8,13,03:00,-1
Lahti Laune,2009,8,14,03:00,-1
Lahti Laune,2009,8,15,03:00,-1
Lahti Laune,2009,8,16,03:00,-1
Lahti Laune,2009,8,17,03:00,-1
Lahti Laune,2009,8,18,03:00,-1
Lahti Laune,2009,8,19,03:00,-1
Lahti Laune,2009,8,20,03:00,-1
Lahti Laune,2009,8,21,03:00,-1
Lahti Laune,2009,8,22,03:00,-1
Lahti Laune,2009,8,23,03:00,-1
Lahti Laune,2009,8,24,03:00,-1
Lahti Laune,2009,8,25,03:00,-1
Lahti Laune,2009,8,26,03:00,-1
Lahti Laune,2009,8,27,03:00,-1
Lahti Laune,2009,8,28,03:00,-1
Lahti Laune,2009,8,29,03:00,-1
Lahti Laune,2009,8,30,03:00,-1
Lahti Laune,2009,8,31,03:00,-1
Lahti Laune,2009,9,1,03:00,-1
Lahti Laune,2009,9,2,03:00,-1
Lahti Laune,2009,9,3,03:00,-1
Lahti Laune,2009,9,4,03:00,-1
Lahti Laune,2009,9,5,03:00,-1
Lahti Laune,2009,9,6,03:00,-1
Lahti Laune,2009,9,7,03:00,-1
Lahti Laune,2009,9,8,03:00,-1
Lahti Laune,2009,9,9,03:00,-1
Lahti Laune,2009,9,10,03:00,-1
Lahti Laune,2009,9,11,03:00,-1
Lahti Laune,2009,9,12,03:00,-1
Lahti Laune,2009,9,13,03:00,-1
Lahti Laune,2009,9,14,03:00,-1
Lahti Laune,2009,9,15,03:00,-1
Lahti Laune,2009,9,16,03:00,-1
Lahti Laune,2009,9,17,03:00,-1
Lahti Laune,2009,9,18,03:00,-1
Lahti Laune,2009,9,19,03:00,-1
Lahti Laune,2009,9,20,03:00,-1
Lahti Laune,2009,9,21,03:00,-1
Lahti Laune,2009,9,22,03:00,-1
Lahti Laune,2009,9,23,03:00,-1
Lahti Laune,2009,9,24,03:00,-1
Lahti Laune,2009,9,25,03:00,-1
Lahti Laune,2009,9,26,03:00,-1
Lahti Laune,2009,9,27,03:00,-1
Lahti Laune,2009,9,28,03:00,-1
Lahti Laune,2009,9,29,03:00,-1
Lahti Laune,2009,9,30,03:00,-1
Lahti Laune,2009,10,1,03:00,-1
Lahti Laune,2009,10,2,03:00,-1
Lahti Laune,2009,10,3,03:00,-1
Lahti Laune,2009,10,4,03:00,-1
Lahti Laune,2009,10,5,03:00,-1
Lahti Laune,2009,10,6,03:00,-1
Lahti Laune,2009,10,7,03:00,-1
Lahti Laune,2009,10,8,03:00,-1
Lahti Laune,2009,10,9,03:00,-1
Lahti Laune,2009,10,10,03:00,-1
Lahti Laune,2009,10,11,03:00,-1
Lahti Laune,2009,10,12,03:00,-1
Lahti Laune,2009,10,13,03:00,-1
Lahti Laune,2009,10,14,03:00,-1
Lahti Laune,2009,10,15,03:00,-1
Lahti Laune,2009,10,16,03:00,-1
Lahti Laune,2009,10,17,03:00,-1
Lahti Laune,2009,10,18,03:00,-1
Lahti Laune,2009,10,19,03:00,2
Lahti Laune,2009,10,20,03:00,-1
Lahti Laune,2009,10,21,03:00,-1
Lahti Laune,2009,10,22,03:00,-1
Lahti Laune,2009,10,23,03:00,-1
Lahti Laune,2009,10,24,03:00,-1
Lahti Laune,2009,10,25,03:00,-1
Lahti Laune,2009,10,26,02:00,-1
Lahti Laune,2009,10,27,02:00,-1
Lahti Laune,2009,10,28,02:00,-1
Lahti Laune,2009,10,29,02:00,-1
Lahti Laune,2009,10,30,02:00,-1
Lahti Laune,2009,10,31,02:00,-1
Lahti Laune,2009,11,1,02:00,-1
Lahti Laune,2009,11,2,02:00,-1
Lahti Laune,2009,11,3,02:00,-1
Lahti Laune,2009,11,4,02:00,-1
Lahti Laune,2009,11,5,02:00,1
Lahti Laune,2009,11,6,02:00,1
Lahti Laune,2009,11,7,02:00,10
Lahti Laune,2009,11,8,02:00,2
Lahti Laune,2009,11,9,02:00,2
Lahti Laune,2009,11,10,02:00,1
Lahti Laune,2009,11,11,02:00,5
Lahti Laune,2009,11,12,02:00,5
Lahti Laune,2009,11,13,02:00,2
Lahti Laune,2009,11,14,02:00,2
Lahti Laune,2009,11,15,02:00,0
Lahti Laune,2009,11,16,02:00,0
Lahti Laune,2009,11,17,02:00,-1
Lahti Laune,2009,11,18,02:00,-1
Lahti Laune,2009,11,19,02:00,-1
Lahti Laune,2009,11,20,02:00,-1
Lahti Laune,2009,11,21,02:00,-1
Lahti Laune,2009,11,22,02:00,-1
Lahti Laune,2009,11,23,02:00,-1
Lahti Laune,2009,11,24,02:00,-1
Lahti Laune,2009,11,25,02:00,-1
Lahti Laune,2009,11,26,02:00,-1
Lahti Laune,2009,11,27,02:00,-1
Lahti Laune,2009,11,28,02:00,-1
Lahti Laune,2009,11,29,02:00,-1
Lahti Laune,2009,11,30,02:00,-1
Lahti Laune,2009,12,1,02:00,-1
Lahti Laune,2009,12,2,02:00,-1
Lahti Laune,2009,12,3,02:00,-1
Lahti Laune,2009,12,4,02:00,-1
Lahti Laune,2009,12,5,02:00,-1
Lahti Laune,2009,12,6,02:00,0
Lahti Laune,2009,12,7,02:00,0
Lahti Laune,2009,12,8,02:00,-1
Lahti Laune,2009,12,9,02:00,-1
Lahti Laune,2009,12,10,02:00,0
Lahti Laune,2009,12,11,02:00,1
Lahti Laune,2009,12,12,02:00,1
Lahti Laune,2009,12,13,02:00,2
Lahti Laune,2009,12,14,02:00,3
Lahti Laune,2009,12,15,02:00,3
Lahti Laune,2009,12,16,02:00,3
Lahti Laune,2009,12,17,02:00,3
Lahti Laune,2009,12,18,02:00,3
Lahti Laune,2009,12,19,02:00,3
Lahti Laune,2009,12,20,02:00,4
Lahti Laune,2009,12,21,02:00,8
Lahti Laune,2009,12,22,02:00,10
Lahti Laune,2009,12,23,02:00,14
Lahti Laune,2009,12,24,02:00,17
Lahti Laune,2009,12,25,02:00,17
Lahti Laune,2009,12,26,02:00,19
Lahti Laune,2009,12,27,02:00,24
Lahti Laune,2009,12,28,02:00,26
Lahti Laune,2009,12,29,02:00,25
Lahti Laune,2009,12,30,02:00,25
Lahti Laune,2009,12,31,02:00,29
Lahti Laune,2010,1,1,02:00,32
Lahti Laune,2010,1,2,02:00,31
Lahti Laune,2010,1,3,02:00,30
Lahti Laune,2010,1,4,02:00,35
Lahti Laune,2010,1,5,02:00,36
Lahti Laune,2010,1,6,02:00,35
Lahti Laune,2010,1,7,02:00,34
Lahti Laune,2010,1,8,02:00,36
Lahti Laune,2010,1,9,02:00,35
Lahti Laune,2010,1,10,02:00,34
Lahti Laune,2010,1,11,02:00,33
Lahti Laune,2010,1,12,02:00,32
Lahti Laune,2010,1,13,02:00,31
Lahti Laune,2010,1,14,02:00,30
Lahti Laune,2010,1,15,02:00,30
Lahti Laune,2010,1,16,02:00,30
Lahti Laune,2010,1,17,02:00,30
Lahti Laune,2010,1,18,02:00,30
Lahti Laune,2010,1,19,02:00,30
Lahti Laune,2010,1,20,02:00,30
Lahti Laune,2010,1,21,02:00,30
Lahti Laune,2010,1,22,02:00,30
Lahti Laune,2010,1,23,02:00,30
Lahti Laune,2010,1,24,02:00,30
Lahti Laune,2010,1,25,02:00,30
Lahti Laune,2010,1,26,02:00,31
Lahti Laune,2010,1,27,02:00,31
Lahti Laune,2010,1,28,02:00,31
Lahti Laune,2010,1,29,02:00,33
Lahti Laune,2010,1,30,02:00,35
Lahti Laune,2010,1,31,02:00,39
Lahti Laune,2010,2,1,02:00,45
Lahti Laune,2010,2,2,02:00,54
Lahti Laune,2010,2,3,02:00,55
Lahti Laune,2010,2,4,02:00,55
Lahti Laune,2010,2,5,02:00,52
Lahti Laune,2010,2,6,02:00,51
Lahti Laune,2010,2,7,02:00,49
Lahti Laune,2010,2,8,02:00,52
Lahti Laune,2010,2,9,02:00,55
Lahti Laune,2010,2,10,02:00,55
Lahti Laune,2010,2,11,02:00,54
Lahti Laune,2010,2,12,02:00,54
Lahti Laune,2010,2,13,02:00,52
Lahti Laune,2010,2,14,02:00,52
Lahti Laune,2010,2,15,02:00,51
Lahti Laune,2010,2,16,02:00,50
Lahti Laune,2010,2,17,02:00,49
Lahti Laune,2010,2,18,02:00,51
Lahti Laune,2010,2,19,02:00,50
Lahti Laune,2010,2,20,02:00,49
Lahti Laune,2010,2,21,02:00,52
Lahti Laune,2010,2,22,02:00,54
Lahti Laune,2010,2,23,02:00,56
Lahti Laune,2010,2,24,02:00,70
Lahti Laune,2010,2,25,02:00,67
Lahti Laune,2010,2,26,02:00,65
Lahti Laune,2010,2,27,02:00,65
Lahti Laune,2010,2,28,02:00,64
Lahti Laune,2010,3,1,02:00,58
Lahti Laune,2010,3,2,02:00,65
Lahti Laune,2010,3,3,02:00,62
Lahti Laune,2010,3,4,02:00,63
Lahti Laune,2010,3,5,02:00,64
Lahti Laune,2010,3,6,02:00,63
Lahti Laune,2010,3,7,02:00,63
Lahti Laune,2010,3,8,02:00,62
Lahti Laune,2010,3,9,02:00,62
Lahti Laune,2010,3,10,02:00,62
Lahti Laune,2010,3,11,02:00,58
Lahti Laune,2010,3,12,02:00,57
Lahti Laune,2010,3,13,02:00,57
Lahti Laune,2010,3,14,02:00,55
Lahti Laune,2010,3,15,02:00,55
Lahti Laune,2010,3,16,02:00,55
Lahti Laune,2010,3,17,02:00,55
Lahti Laune,2010,3,18,02:00,56
Lahti Laune,2010,3,19,02:00,68
Lahti Laune,2010,3,20,02:00,64
Lahti Laune,2010,3,21,02:00,59
Lahti Laune,2010,3,22,02:00,61
Lahti Laune,2010,3,23,02:00,60
Lahti Laune,2010,3,24,02:00,59
Lahti Laune,2010,3,25,02:00,59
Lahti Laune,2010,3,26,02:00,58
Lahti Laune,2010,3,27,02:00,56
Lahti Laune,2010,3,28,02:00,51
Lahti Laune,2010,3,29,03:00,49
Lahti Laune,2010,3,30,03:00,48
Lahti Laune,2010,3,31,03:00,48
Lahti Laune,2010,4,1,03:00,43
Lahti Laune,2010,4,2,03:00,38
Lahti Laune,2010,4,3,03:00,30
Lahti Laune,2010,4,4,03:00,25
Lahti Laune,2010,4,5,03:00,21
Lahti Laune,2010,4,6,03:00,20
Lahti Laune,2010,4,7,03:00,19
Lahti Laune,2010,4,8,03:00,15
Lahti Laune,2010,4,9,03:00,11
Lahti Laune,2010,4,10,03:00,9
Lahti Laune,2010,4,11,03:00,-1
Lahti Laune,2010,4,12,03:00,-1
Lahti Laune,2010,4,13,03:00,-1
Lahti Laune,2010,4,14,03:00,-1
Lahti Laune,2010,4,15,03:00,-1
Lahti Laune,2010,4,16,03:00,-1
Lahti Laune,2010,4,17,03:00,-1
Lahti Laune,2010,4,18,03:00,0
Lahti Laune,2010,4,19,03:00,-1
Lahti Laune,2010,4,20,03:00,-1
Lahti Laune,2010,4,21,03:00,-1
Lahti Laune,2010,4,22,03:00,-1
Lahti Laune,2010,4,23,03:00,-1
Lahti Laune,2010,4,24,03:00,0
Lahti Laune,2010,4,25,03:00,-1
Lahti Laune,2010,4,26,03:00,-1
Lahti Laune,2010,4,27,03:00,-1
Lahti Laune,2010,4,28,03:00,-1
Lahti Laune,2010,4,29,03:00,-1
Lahti Laune,2010,4,30,03:00,-1
Lahti Laune,2010,5,1,03:00,-1
Lahti Laune,2010,5,2,03:00,-1
Lahti Laune,2010,5,3,03:00,-1
Lahti Laune,2010,5,4,03:00,-1
Lahti Laune,2010,5,5,03:00,-1
Lahti Laune,2010,5,6,03:00,-1
Lahti Laune,2010,5,7,03:00,-1
Lahti Laune,2010,5,8,03:00,-1
Lahti Laune,2010,5,9,03:00,-1
Lahti Laune,2010,5,10,03:00,-1
Lahti Laune,2010,5,11,03:00,-1
Lahti Laune,2010,5,12,03:00,-1
Lahti Laune,2010,5,13,03:00,-1
Lahti Laune,2010,5,14,03:00,-1
Lahti Laune,2010,5,15,03:00,-1
Lahti Laune,2010,5,16,03:00,-1
Lahti Laune,2010,5,17,03:00,-1
Lahti Laune,2010,5,18,03:00,-1
Lahti Laune,2010,5,19,03:00,-1
Lahti Laune,2010,5,20,03:00,-1
Lahti Laune,2010,5,21,03:00,-1
Lahti Laune,2010,5,22,03:00,-1
Lahti Laune,2010,5,23,03:00,-1
Lahti Laune,2010,5,24,03:00,-1
Lahti Laune,2010,5,25,03:00,-1
Lahti Laune,2010,5,26,03:00,-1
Lahti Laune,2010,5,27,03:00,-1
Lahti Laune,2010,5,28,03:00,-1
Lahti Laune,2010,5,29,03:00,-1
Lahti Laune,2010,5,30,03:00,-1
Lahti Laune,2010,5,31,03:00,-1
Lahti Laune,2010,6,1,03:00,-1
Lahti Laune,2010,6,2,03:00,-1
Lahti Laune,2010,6,3,03:00,-1
Lahti Laune,2010,6,4,03:00,-1
Lahti Laune,2010,6,5,03:00,-1
Lahti Laune,2010,6,6,03:00,-1
Lahti Laune,2010,6,7,03:00,-1
Lahti Laune,2010,6,8,03:00,-1
Lahti Laune,2010,6,9,03:00,-1
Lahti Laune,2010,6,10,03:00,-1
Lahti Laune,2010,6,11,03:00,-1
Lahti Laune,2010,6,12,03:00,-1
Lahti Laune,2010,6,13,03:00,-1
Lahti Laune,2010,6,14,03:00,-1
Lahti Laune,2010,6,15,03:00,-1
Lahti Laune,2010,6,16,03:00,-1
Lahti Laune,2010,6,17,03:00,-1
Lahti Laune,2010,6,18,03:00,-1
Lahti Laune,2010,6,19,03:00,-1
Lahti Laune,2010,6,20,03:00,-1
Lahti Laune,2010,6,21,03:00,-1
Lahti Laune,2010,6,22,03:00,-1
Lahti Laune,2010,6,23,03:00,-1
Lahti Laune,2010,6,24,03:00,-1
Lahti Laune,2010,6,25,03:00,-1
Lahti Laune,2010,6,26,03:00,-1
Lahti Laune,2010,6,27,03:00,-1
Lahti Laune,2010,6,28,03:00,-1
Lahti Laune,2010,6,29,03:00,-1
Lahti Laune,2010,6,30,03:00,-1
Lahti Laune,2010,7,1,03:00,-1
Lahti Laune,2010,7,2,03:00,-1
Lahti Laune,2010,7,3,03:00,-1
Lahti Laune,2010,7,4,03:00,-1
Lahti Laune,2010,7,5,03:00,-1
Lahti Laune,2010,7,6,03:00,-1
Lahti Laune,2010,7,7,03:00,-1
Lahti Laune,2010,7,8,03:00,-1
Lahti Laune,2010,7,9,03:00,-1
Lahti Laune,2010,7,10,03:00,-1
Lahti Laune,2010,7,11,03:00,-1
Lahti Laune,2010,7,12,03:00,-1
Lahti Laune,2010,7,13,03:00,-1
Lahti Laune,2010,7,14,03:00,-1
Lahti Laune,2010,7,15,03:00,-1
Lahti Laune,2010,7,16,03:00,-1
Lahti Laune,2010,7,17,03:00,-1
Lahti Laune,2010,7,18,03:00,-1
Lahti Laune,2010,7,19,03:00,-1
Lahti Laune,2010,7,20,03:00,-1
Lahti Laune,2010,7,21,03:00,-1
Lahti Laune,2010,7,22,03:00,-1
Lahti Laune,2010,7,23,03:00,-1
Lahti Laune,2010,7,24,03:00,-1
Lahti Laune,2010,7,25,03:00,-1
Lahti Laune,2010,7,26,03:00,-1
Lahti Laune,2010,7,27,03:00,-1
Lahti Laune,2010,7,28,03:00,-1
Lahti Laune,2010,7,29,03:00,-1
Lahti Laune,2010,7,30,03:00,-1
Lahti Laune,2010,7,31,03:00,-1
Lahti Laune,2010,8,1,03:00,-1
Lahti Laune,2010,8,2,03:00,-1
Lahti Laune,2010,8,3,03:00,-1
Lahti Laune,2010,8,4,03:00,-1
Lahti Laune,2010,8,5,03:00,-1
Lahti Laune,2010,8,6,03:00,-1
Lahti Laune,2010,8,7,03:00,-1
Lahti Laune,2010,8,8,03:00,-1
Lahti Laune,2010,8,9,03:00,-1
Lahti Laune,2010,8,10,03:00,-1
Lahti Laune,2010,8,11,03:00,-1
Lahti Laune,2010,8,12,03:00,-1
Lahti Laune,2010,8,13,03:00,-1
Lahti Laune,2010,8,14,03:00,-1
Lahti Laune,2010,8,15,03:00,-1
Lahti Laune,2010,8,16,03:00,-1
Lahti Laune,2010,8,17,03:00,-1
Lahti Laune,2010,8,18,03:00,-1
Lahti Laune,2010,8,19,03:00,-1
Lahti Laune,2010,8,20,03:00,-1
Lahti Laune,2010,8,21,03:00,-1
Lahti Laune,2010,8,22,03:00,-1
Lahti Laune,2010,8,23,03:00,-1
Lahti Laune,2010,8,24,03:00,-1
Lahti Laune,2010,8,25,03:00,-1
Lahti Laune,2010,8,26,03:00,-1
Lahti Laune,2010,8,27,03:00,-1
Lahti Laune,2010,8,28,03:00,-1
Lahti Laune,2010,8,29,03:00,-1
Lahti Laune,2010,8,30,03:00,-1
Lahti Laune,2010,8,31,03:00,-1
Lahti Laune,2010,9,1,03:00,-1
Lahti Laune,2010,9,2,03:00,-1
Lahti Laune,2010,9,3,03:00,-1
Lahti Laune,2010,9,4,03:00,-1
Lahti Laune,2010,9,5,03:00,-1
Lahti Laune,2010,9,6,03:00,-1
Lahti Laune,2010,9,7,03:00,-1
Lahti Laune,2010,9,8,03:00,-1
Lahti Laune,2010,9,9,03:00,-1
Lahti Laune,2010,9,10,03:00,-1
Lahti Laune,2010,9,11,03:00,-1
Lahti Laune,2010,9,12,03:00,-1
Lahti Laune,2010,9,13,03:00,-1
Lahti Laune,2010,9,14,03:00,-1
Lahti Laune,2010,9,15,03:00,-1
Lahti Laune,2010,9,16,03:00,-1
Lahti Laune,2010,9,17,03:00,-1
Lahti Laune,2010,9,18,03:00,-1
Lahti Laune,2010,9,19,03:00,-1
Lahti Laune,2010,9,20,03:00,-1
Lahti Laune,2010,9,21,03:00,-1
Lahti Laune,2010,9,22,03:00,-1
Lahti Laune,2010,9,23,03:00,-1
Lahti Laune,2010,9,24,03:00,-1
Lahti Laune,2010,9,25,03:00,-1
Lahti Laune,2010,9,26,03:00,-1
Lahti Laune,2010,9,27,03:00,-1
Lahti Laune,2010,9,28,03:00,-1
Lahti Laune,2010,9,29,03:00,-1
Lahti Laune,2010,9,30,03:00,-1
Lahti Laune,2010,10,1,03:00,-1
Lahti Laune,2010,10,2,03:00,-1
Lahti Laune,2010,10,3,03:00,-1
Lahti Laune,2010,10,4,03:00,-1
Lahti Laune,2010,10,5,03:00,-1
Lahti Laune,2010,10,6,03:00,-1
Lahti Laune,2010,10,7,03:00,-1
Lahti Laune,2010,10,8,03:00,-1
Lahti Laune,2010,10,9,03:00,-1
Lahti Laune,2010,10,10,03:00,-1
Lahti Laune,2010,10,11,03:00,-1
Lahti Laune,2010,10,12,03:00,-1
Lahti Laune,2010,10,13,03:00,-1
Lahti Laune,2010,10,14,03:00,-1
Lahti Laune,2010,10,15,03:00,-1
Lahti Laune,2010,10,16,03:00,-1
Lahti Laune,2010,10,17,03:00,-1
Lahti Laune,2010,10,18,03:00,-1
Lahti Laune,2010,10,19,03:00,-1
Lahti Laune,2010,10,20,03:00,-1
Lahti Laune,2010,10,21,03:00,-1
Lahti Laune,2010,10,22,03:00,-1
Lahti Laune,2010,10,23,03:00,-1
Lahti Laune,2010,10,24,03:00,-1
Lahti Laune,2010,10,25,03:00,-1
Lahti Laune,2010,10,26,03:00,-1
Lahti Laune,2010,10,27,03:00,-1
Lahti Laune,2010,10,28,03:00,-1
Lahti Laune,2010,10,29,03:00,-1
Lahti Laune,2010,10,30,03:00,-1
Lahti Laune,2010,10,31,03:00,-1
Lahti Laune,2010,11,1,02:00,-1
Lahti Laune,2010,11,2,02:00,-1
Lahti Laune,2010,11,3,02:00,-1
Lahti Laune,2010,11,4,02:00,-1
Lahti Laune,2010,11,5,02:00,-1
Lahti Laune,2010,11,6,02:00,-1
Lahti Laune,2010,11,7,02:00,-1
Lahti Laune,2010,11,8,02:00,-1
Lahti Laune,2010,11,9,02:00,-1
Lahti Laune,2010,11,10,02:00,2
Lahti Laune,2010,11,11,02:00,-1
Lahti Laune,2010,11,12,02:00,-1
Lahti Laune,2010,11,13,02:00,-1
Lahti Laune,2010,11,14,02:00,-1
Lahti Laune,2010,11,15,02:00,-1
Lahti Laune,2010,11,16,02:00,-1
Lahti Laune,2010,11,17,02:00,-1
Lahti Laune,2010,11,18,02:00,1
Lahti Laune,2010,11,19,02:00,8
Lahti Laune,2010,11,20,02:00,8
Lahti Laune,2010,11,21,02:00,8
Lahti Laune,2010,11,22,02:00,8
Lahti Laune,2010,11,23,02:00,8
Lahti Laune,2010,11,24,02:00,10
Lahti Laune,2010,11,25,02:00,15
Lahti Laune,2010,11,26,02:00,15
Lahti Laune,2010,11,27,02:00,15
Lahti Laune,2010,11,28,02:00,15
Lahti Laune,2010,11,29,02:00,15
Lahti Laune,2010,11,30,02:00,14
Lahti Laune,2010,12,1,02:00,14
Lahti Laune,2010,12,2,02:00,14
Lahti Laune,2010,12,3,02:00,15
Lahti Laune,2010,12,4,02:00,15
Lahti Laune,2010,12,5,02:00,16
Lahti Laune,2010,12,6,02:00,19
Lahti Laune,2010,12,7,02:00,27
Lahti Laune,2010,12,8,02:00,27
Lahti Laune,2010,12,9,02:00,24
Lahti Laune,2010,12,10,02:00,22
Lahti Laune,2010,12,11,02:00,21
Lahti Laune,2010,12,12,02:00,23
Lahti Laune,2010,12,13,02:00,23
Lahti Laune,2010,12,14,02:00,22
Lahti Laune,2010,12,15,02:00,21
Lahti Laune,2010,12,16,02:00,21
Lahti Laune,2010,12,17,02:00,24
Lahti Laune,2010,12,18,02:00,24
Lahti Laune,2010,12,19,02:00,24
Lahti Laune,2010,12,20,02:00,29
Lahti Laune,2010,12,21,02:00,28
Lahti Laune,2010,12,22,02:00,28
Lahti Laune,2010,12,23,02:00,27
Lahti Laune,2010,12,24,02:00,26
Lahti Laune,2010,12,25,02:00,26
Lahti Laune,2010,12,26,02:00,29
Lahti Laune,2010,12,27,02:00,33
Lahti Laune,2010,12,28,02:00,32
Lahti Laune,2010,12,29,02:00,32
Lahti Laune,2010,12,30,02:00,31
Lahti Laune,2010,12,31,02:00,43
Lahti Laune,2011,1,1,02:00,40
Lahti Laune,2011,1,2,02:00,38
Lahti Laune,2011,1,3,02:00,38
Lahti Laune,2011,1,4,02:00,37
Lahti Laune,2011,1,5,02:00,37
Lahti Laune,2011,1,6,02:00,36
Lahti Laune,2011,1,7,02:00,38
Lahti Laune,2011,1,8,02:00,43
Lahti Laune,2011,1,9,02:00,46
Lahti Laune,2011,1,10,02:00,41
Lahti Laune,2011,1,11,02:00,38
Lahti Laune,2011,1,12,02:00,38
Lahti Laune,2011,1,13,02:00,42
Lahti Laune,2011,1,14,02:00,44
Lahti Laune,2011,1,15,02:00,44
Lahti Laune,2011,1,16,02:00,44
Lahti Laune,2011,1,17,02:00,49
Lahti Laune,2011,1,18,02:00,48
Lahti Laune,2011,1,19,02:00,50
Lahti Laune,2011,1,20,02:00,52
Lahti Laune,2011,1,21,02:00,52
Lahti Laune,2011,1,22,02:00,53
Lahti Laune,2011,1,23,02:00,54
Lahti Laune,2011,1,24,02:00,54
Lahti Laune,2011,1,25,02:00,55
Lahti Laune,2011,1,26,02:00,61
Lahti Laune,2011,1,27,02:00,60
Lahti Laune,2011,1,28,02:00,59
Lahti Laune,2011,1,29,02:00,58
Lahti Laune,2011,1,30,02:00,58
Lahti Laune,2011,1,31,02:00,57
Lahti Laune,2011,2,1,02:00,57
Lahti Laune,2011,2,2,02:00,57
Lahti Laune,2011,2,3,02:00,55
Lahti Laune,2011,2,4,02:00,58
Lahti Laune,2011,2,5,02:00,62
Lahti Laune,2011,2,6,02:00,62
Lahti Laune,2011,2,7,02:00,60
Lahti Laune,2011,2,8,02:00,63
Lahti Laune,2011,2,9,02:00,67
Lahti Laune,2011,2,10,02:00,66
Lahti Laune,2011,2,11,02:00,65
Lahti Laune,2011,2,12,02:00,66
Lahti Laune,2011,2,13,02:00,66
Lahti Laune,2011,2,14,02:00,65
Lahti Laune,2011,2,15,02:00,65
Lahti Laune,2011,2,16,02:00,65
Lahti Laune,2011,2,17,02:00,64
Lahti Laune,2011,2,18,02:00,64
Lahti Laune,2011,2,19,02:00,64
Lahti Laune,2011,2,20,02:00,63
Lahti Laune,2011,2,21,02:00,63
Lahti Laune,2011,2,22,02:00,63
Lahti Laune,2011,2,23,02:00,63
Lahti Laune,2011,2,24,02:00,63
Lahti Laune,2011,2,25,02:00,63
Lahti Laune,2011,2,26,02:00,63
Lahti Laune,2011,2,27,02:00,62
Lahti Laune,2011,2,28,02:00,61
Lahti Laune,2011,3,1,02:00,61
Lahti Laune,2011,3,2,02:00,61
Lahti Laune,2011,3,3,02:00,60
Lahti Laune,2011,3,4,02:00,69
Lahti Laune,2011,3,5,02:00,57
Lahti Laune,2011,3,6,02:00,57
Lahti Laune,2011,3,7,02:00,56
Lahti Laune,2011,3,8,02:00,56
Lahti Laune,2011,3,9,02:00,56
Lahti Laune,2011,3,10,02:00,56
Lahti Laune,2011,3,11,02:00,59
Lahti Laune,2011,3,12,02:00,59
Lahti Laune,2011,3,13,02:00,59
Lahti Laune,2011,3,14,02:00,59
Lahti Laune,2011,3,15,02:00,59
Lahti Laune,2011,3,16,02:00,57
Lahti Laune,2011,3,17,02:00,57
Lahti Laune,2011,3,18,02:00,57
Lahti Laune,2011,3,19,02:00,57
Lahti Laune,2011,3,20,02:00,63
Lahti Laune,2011,3,21,02:00,61
Lahti Laune,2011,3,22,02:00,61
Lahti Laune,2011,3,23,02:00,56
Lahti Laune,2011,3,24,02:00,58
Lahti Laune,2011,3,25,02:00,58
Lahti Laune,2011,3,26,02:00,58
Lahti Laune,2011,3,27,02:00,57
Lahti Laune,2011,3,28,03:00,60
Lahti Laune,2011,3,29,03:00,58
Lahti Laune,2011,3,30,03:00,65
Lahti Laune,2011,3,31,03:00,64
Lahti Laune,2011,4,1,03:00,62
Lahti Laune,2011,4,2,03:00,61
Lahti Laune,2011,4,3,03:00,56
Lahti Laune,2011,4,4,03:00,51
Lahti Laune,2011,4,5,03:00,47
Lahti Laune,2011,4,6,03:00,41
Lahti Laune,2011,4,7,03:00,38
Lahti Laune,2011,4,8,03:00,35
Lahti Laune,2011,4,9,03:00,33
Lahti Laune,2011,4,10,03:00,30
Lahti Laune,2011,4,11,03:00,25
Lahti Laune,2011,4,12,03:00,23
Lahti Laune,2011,4,13,03:00,19
Lahti Laune,2011,4,14,03:00,16
Lahti Laune,2011,4,15,03:00,14
Lahti Laune,2011,4,16,03:00,5
Lahti Laune,2011,4,17,03:00,0
Lahti Laune,2011,4,18,03:00,-1
Lahti Laune,2011,4,19,03:00,-1
Lahti Laune,2011,4,20,03:00,-1
Lahti Laune,2011,4,21,03:00,-1
Lahti Laune,2011,4,22,03:00,-1
Lahti Laune,2011,4,23,03:00,-1
Lahti Laune,2011,4,24,03:00,-1
Lahti Laune,2011,4,25,03:00,-1
Lahti Laune,2011,4,26,03:00,-1
Lahti Laune,2011,4,27,03:00,-1
Lahti Laune,2011,4,28,03:00,-1
Lahti Laune,2011,4,29,03:00,-1
Lahti Laune,2011,4,30,03:00,-1
Lahti Laune,2011,5,1,03:00,-1
Lahti Laune,2011,5,2,03:00,-1
Lahti Laune,2011,5,3,03:00,-1
Lahti Laune,2011,5,4,03:00,-1
Lahti Laune,2011,5,5,03:00,-1
Lahti Laune,2011,5,6,03:00,-1
Lahti Laune,2011,5,7,03:00,-1
Lahti Laune,2011,5,8,03:00,-1
Lahti Laune,2011,5,9,03:00,-1
Lahti Laune,2011,5,10,03:00,-1
Lahti Laune,2011,5,11,03:00,-1
Lahti Laune,2011,5,12,03:00,-1
Lahti Laune,2011,5,13,03:00,-1
Lahti Laune,2011,5,14,03:00,-1
Lahti Laune,2011,5,15,03:00,-1
Lahti Laune,2011,5,16,03:00,-1
Lahti Laune,2011,5,17,03:00,-1
Lahti Laune,2011,5,18,03:00,-1
Lahti Laune,2011,5,19,03:00,-1
Lahti Laune,2011,5,20,03:00,-1
Lahti Laune,2011,5,21,03:00,-1
Lahti Laune,2011,5,22,03:00,-1
Lahti Laune,2011,5,23,03:00,-1
Lahti Laune,2011,5,24,03:00,-1
Lahti Laune,2011,5,25,03:00,-1
Lahti Laune,2011,5,26,03:00,-1
Lahti Laune,2011,5,27,03:00,-1
Lahti Laune,2011,5,28,03:00,-1
Lahti Laune,2011,5,29,03:00,-1
Lahti Laune,2011,5,30,03:00,-1
Lahti Laune,2011,5,31,03:00,-1
Lahti Laune,2011,6,1,03:00,-1
Lahti Laune,2011,6,2,03:00,-1
Lahti Laune,2011,6,3,03:00,-1
Lahti Laune,2011,6,4,03:00,-1
Lahti Laune,2011,6,5,03:00,-1
Lahti Laune,2011,6,6,03:00,-1
Lahti Laune,2011,6,7,03:00,-1
Lahti Laune,2011,6,8,03:00,-1
Lahti Laune,2011,6,9,03:00,-1
Lahti Laune,2011,6,10,03:00,-1
Lahti Laune,2011,6,11,03:00,-1
Lahti Laune,2011,6,12,03:00,-1
Lahti Laune,2011,6,13,03:00,-1
Lahti Laune,2011,6,14,03:00,-1
Lahti Laune,2011,6,15,03:00,-1
Lahti Laune,2011,6,16,03:00,-1
Lahti Laune,2011,6,17,03:00,-1
Lahti Laune,2011,6,18,03:00,-1
Lahti Laune,2011,6,19,03:00,-1
Lahti Laune,2011,6,20,03:00,-1
Lahti Laune,2011,6,21,03:00,-1
Lahti Laune,2011,6,22,03:00,-1
Lahti Laune,2011,6,23,03:00,-1
Lahti Laune,2011,6,24,03:00,-1
Lahti Laune,2011,6,25,03:00,-1
Lahti Laune,2011,6,26,03:00,-1
Lahti Laune,2011,6,27,03:00,-1
Lahti Laune,2011,6,28,03:00,-1
Lahti Laune,2011,6,29,03:00,-1
Lahti Laune,2011,6,30,03:00,-1
Lahti Laune,2011,7,1,03:00,-1
Lahti Laune,2011,7,2,03:00,-1
Lahti Laune,2011,7,3,03:00,-1
Lahti Laune,2011,7,4,03:00,-1
Lahti Laune,2011,7,5,03:00,-1
Lahti Laune,2011,7,6,03:00,-1
Lahti Laune,2011,7,7,03:00,-1
Lahti Laune,2011,7,8,03:00,-1
Lahti Laune,2011,7,9,03:00,-1
Lahti Laune,2011,7,10,03:00,-1
Lahti Laune,2011,7,11,03:00,-1
Lahti Laune,2011,7,12,03:00,-1
Lahti Laune,2011,7,13,03:00,-1
Lahti Laune,2011,7,14,03:00,-1
Lahti Laune,2011,7,15,03:00,-1
Lahti Laune,2011,7,16,03:00,-1
Lahti Laune,2011,7,17,03:00,-1
Lahti Laune,2011,7,18,03:00,-1
Lahti Laune,2011,7,19,03:00,-1
Lahti Laune,2011,7,20,03:00,-1
Lahti Laune,2011,7,21,03:00,-1
Lahti Laune,2011,7,22,03:00,-1
Lahti Laune,2011,7,23,03:00,-1
Lahti Laune,2011,7,24,03:00,-1
Lahti Laune,2011,7,25,03:00,-1
Lahti Laune,2011,7,26,03:00,-1
Lahti Laune,2011,7,27,03:00,-1
Lahti Laune,2011,7,28,03:00,-1
Lahti Laune,2011,7,29,03:00,-1
Lahti Laune,2011,7,30,03:00,-1
Lahti Laune,2011,7,31,03:00,-1
Lahti Laune,2011,8,1,03:00,-1
Lahti Laune,2011,8,2,03:00,-1
Lahti Laune,2011,8,3,03:00,-1
Lahti Laune,2011,8,4,03:00,-1
Lahti Laune,2011,8,5,03:00,-1
Lahti Laune,2011,8,6,03:00,-1
Lahti Laune,2011,8,7,03:00,-1
Lahti Laune,2011,8,8,03:00,-1
Lahti Laune,2011,8,9,03:00,-1
Lahti Laune,2011,8,10,03:00,-1
Lahti Laune,2011,8,11,03:00,-1
Lahti Laune,2011,8,12,03:00,-1
Lahti Laune,2011,8,13,03:00,-1
Lahti Laune,2011,8,14,03:00,-1
Lahti Laune,2011,8,15,03:00,-1
Lahti Laune,2011,8,16,03:00,-1
Lahti Laune,2011,8,17,03:00,-1
Lahti Laune,2011,8,18,03:00,-1
Lahti Laune,2011,8,19,03:00,-1
Lahti Laune,2011,8,20,03:00,-1
Lahti Laune,2011,8,21,03:00,-1
Lahti Laune,2011,8,22,03:00,-1
Lahti Laune,2011,8,23,03:00,-1
Lahti Laune,2011,8,24,03:00,-1
Lahti Laune,2011,8,25,03:00,-1
Lahti Laune,2011,8,26,03:00,-1
Lahti Laune,2011,8,27,03:00,-1
Lahti Laune,2011,8,28,03:00,-1
Lahti Laune,2011,8,29,03:00,-1
Lahti Laune,2011,8,30,03:00,-1
Lahti Laune,2011,8,31,03:00,-1
Lahti Laune,2011,9,1,03:00,-1
Lahti Laune,2011,9,2,03:00,-1
Lahti Laune,2011,9,3,03:00,-1
Lahti Laune,2011,9,4,03:00,-1
Lahti Laune,2011,9,5,03:00,-1
Lahti Laune,2011,9,6,03:00,-1
Lahti Laune,2011,9,7,03:00,-1
Lahti Laune,2011,9,8,03:00,-1
Lahti Laune,2011,9,9,03:00,-1
Lahti Laune,2011,9,10,03:00,-1
Lahti Laune,2011,9,11,03:00,-1
Lahti Laune,2011,9,12,03:00,-1
Lahti Laune,2011,9,13,03:00,-1
Lahti Laune,2011,9,14,03:00,-1
Lahti Laune,2011,9,15,03:00,-1
Lahti Laune,2011,9,16,03:00,-1
Lahti Laune,2011,9,17,03:00,-1
Lahti Laune,2011,9,18,03:00,-1
Lahti Laune,2011,9,19,03:00,-1
Lahti Laune,2011,9,20,03:00,-1
Lahti Laune,2011,9,21,03:00,-1
Lahti Laune,2011,9,22,03:00,-1
Lahti Laune,2011,9,23,03:00,-1
Lahti Laune,2011,9,24,03:00,-1
Lahti Laune,2011,9,25,03:00,-1
Lahti Laune,2011,9,26,03:00,-1
Lahti Laune,2011,9,27,03:00,-1
Lahti Laune,2011,9,28,03:00,-1
Lahti Laune,2011,9,29,03:00,-1
Lahti Laune,2011,9,30,03:00,-1
Lahti Laune,2011,10,1,03:00,-1
Lahti Laune,2011,10,2,03:00,-1
Lahti Laune,2011,10,3,03:00,-1
Lahti Laune,2011,10,4,03:00,-1
Lahti Laune,2011,10,5,03:00,-1
Lahti Laune,2011,10,6,03:00,-1
Lahti Laune,2011,10,7,03:00,-1
Lahti Laune,2011,10,8,03:00,-1
Lahti Laune,2011,10,9,03:00,-1
Lahti Laune,2011,10,10,03:00,-1
Lahti Laune,2011,10,11,03:00,-1
Lahti Laune,2011,10,12,03:00,-1
Lahti Laune,2011,10,13,03:00,-1
Lahti Laune,2011,10,14,03:00,-1
Lahti Laune,2011,10,15,03:00,-1
Lahti Laune,2011,10,16,03:00,-1
Lahti Laune,2011,10,17,03:00,-1
Lahti Laune,2011,10,18,03:00,-1
Lahti Laune,2011,10,19,03:00,-1
Lahti Laune,2011,10,20,03:00,-1
Lahti Laune,2011,10,21,03:00,-1
Lahti Laune,2011,10,22,03:00,-1
Lahti Laune,2011,10,23,03:00,-1
Lahti Laune,2011,10,24,03:00,-1
Lahti Laune,2011,10,25,03:00,-1
Lahti Laune,2011,10,26,03:00,-1
Lahti Laune,2011,10,27,03:00,-1
Lahti Laune,2011,10,28,03:00,-1
Lahti Laune,2011,10,29,03:00,-1
Lahti Laune,2011,10,30,03:00,-1
Lahti Laune,2011,10,31,02:00,-1
Lahti Laune,2011,11,1,02:00,-1
Lahti Laune,2011,11,2,02:00,-1
Lahti Laune,2011,11,3,02:00,-1
Lahti Laune,2011,11,4,02:00,-1
Lahti Laune,2011,11,5,02:00,-1
Lahti Laune,2011,11,6,02:00,-1
Lahti Laune,2011,11,7,02:00,-1
Lahti Laune,2011,11,8,02:00,-1
Lahti Laune,2011,11,9,02:00,-1
Lahti Laune,2011,11,10,02:00,-1
Lahti Laune,2011,11,11,02:00,-1
Lahti Laune,2011,11,12,02:00,-1
Lahti Laune,2011,11,13,02:00,-1
Lahti Laune,2011,11,14,02:00,-1
Lahti Laune,2011,11,15,02:00,-1
Lahti Laune,2011,11,16,02:00,-1
Lahti Laune,2011,11,17,02:00,-1
Lahti Laune,2011,11,18,02:00,-1
Lahti Laune,2011,11,19,02:00,-1
Lahti Laune,2011,11,20,02:00,-1
Lahti Laune,2011,11,21,02:00,-1
Lahti Laune,2011,11,22,02:00,-1
Lahti Laune,2011,11,23,02:00,-1
Lahti Laune,2011,11,24,02:00,-1
Lahti Laune,2011,11,25,02:00,-1
Lahti Laune,2011,11,26,02:00,-1
Lahti Laune,2011,11,27,02:00,-1
Lahti Laune,2011,11,28,02:00,-1
Lahti Laune,2011,11,29,02:00,-1
Lahti Laune,2011,11,30,02:00,-1
Lahti Laune,2011,12,1,02:00,-1
Lahti Laune,2011,12,2,02:00,-1
Lahti Laune,2011,12,3,02:00,-1
Lahti Laune,2011,12,4,02:00,-1
Lahti Laune,2011,12,5,02:00,-1
Lahti Laune,2011,12,6,02:00,2
Lahti Laune,2011,12,7,02:00,2
Lahti Laune,2011,12,8,02:00,2
Lahti Laune,2011,12,9,02:00,4
Lahti Laune,2011,12,10,02:00,12
Lahti Laune,2011,12,11,02:00,8
Lahti Laune,2011,12,12,02:00,8
Lahti Laune,2011,12,13,02:00,6
Lahti Laune,2011,12,14,02:00,5
Lahti Laune,2011,12,15,02:00,3
Lahti Laune,2011,12,16,02:00,2
Lahti Laune,2011,12,17,02:00,2
Lahti Laune,2011,12,18,02:00,-1
Lahti Laune,2011,12,19,02:00,-1
Lahti Laune,2011,12,20,02:00,-1
Lahti Laune,2011,12,21,02:00,-1
Lahti Laune,2011,12,22,02:00,-1
Lahti Laune,2011,12,23,02:00,-1
Lahti Laune,2011,12,24,02:00,2
Lahti Laune,2011,12,25,02:00,1
Lahti Laune,2011,12,26,02:00,-1
Lahti Laune,2011,12,27,02:00,-1
Lahti Laune,2011,12,28,02:00,-1
Lahti Laune,2011,12,29,02:00,-1
Lahti Laune,2011,12,30,02:00,-1
Lahti Laune,2011,12,31,02:00,1
Lahti Laune,2012,1,1,02:00,1
Lahti Laune,2012,1,2,02:00,1
Lahti Laune,2012,1,3,02:00,5
Lahti Laune,2012,1,4,02:00,5
Lahti Laune,2012,1,5,02:00,3
Lahti Laune,2012,1,6,02:00,3
Lahti Laune,2012,1,7,02:00,3
Lahti Laune,2012,1,8,02:00,9
Lahti Laune,2012,1,9,02:00,11
Lahti Laune,2012,1,10,02:00,15
Lahti Laune,2012,1,11,02:00,14
Lahti Laune,2012,1,12,02:00,14
Lahti Laune,2012,1,13,02:00,23
Lahti Laune,2012,1,14,02:00,30
Lahti Laune,2012,1,15,02:00,32
Lahti Laune,2012,1,16,02:00,29
Lahti Laune,2012,1,17,02:00,29
Lahti Laune,2012,1,18,02:00,31
Lahti Laune,2012,1,19,02:00,31
Lahti Laune,2012,1,20,02:00,37
Lahti Laune,2012,1,21,02:00,39
Lahti Laune,2012,1,22,02:00,40
Lahti Laune,2012,1,23,02:00,41
Lahti Laune,2012,1,24,02:00,43
Lahti Laune,2012,1,25,02:00,45
Lahti Laune,2012,1,26,02:00,44
Lahti Laune,2012,1,27,02:00,44
Lahti Laune,2012,1,28,02:00,44
Lahti Laune,2012,1,29,02:00,42
Lahti Laune,2012,1,30,02:00,41
Lahti Laune,2012,1,31,02:00,40
Lahti Laune,2012,2,1,02:00,40
Lahti Laune,2012,2,2,02:00,40
Lahti Laune,2012,2,3,02:00,40
Lahti Laune,2012,2,4,02:00,40
Lahti Laune,2012,2,5,02:00,40
Lahti Laune,2012,2,6,02:00,41
Lahti Laune,2012,2,7,02:00,41
Lahti Laune,2012,2,8,02:00,42
Lahti Laune,2012,2,9,02:00,42
Lahti Laune,2012,2,10,02:00,42
Lahti Laune,2012,2,11,02:00,41
Lahti Laune,2012,2,12,02:00,41
Lahti Laune,2012,2,13,02:00,43
Lahti Laune,2012,2,14,02:00,43
Lahti Laune,2012,2,15,02:00,47
Lahti Laune,2012,2,16,02:00,47
Lahti Laune,2012,2,17,02:00,47
Lahti Laune,2012,2,18,02:00,51
Lahti Laune,2012,2,19,02:00,48
Lahti Laune,2012,2,20,02:00,52
Lahti Laune,2012,2,21,02:00,54
Lahti Laune,2012,2,22,02:00,54
Lahti Laune,2012,2,23,02:00,55
Lahti Laune,2012,2,24,02:00,55
Lahti Laune,2012,2,25,02:00,52
Lahti Laune,2012,2,26,02:00,53
Lahti Laune,2012,2,27,02:00,51
Lahti Laune,2012,2,28,02:00,50
Lahti Laune,2012,2,29,02:00,61
Lahti Laune,2012,3,1,02:00,58
Lahti Laune,2012,3,2,02:00,53
Lahti Laune,2012,3,3,02:00,50
Lahti Laune,2012,3,4,02:00,50
Lahti Laune,2012,3,5,02:00,50
Lahti Laune,2012,3,6,02:00,50
Lahti Laune,2012,3,7,02:00,50
Lahti Laune,2012,3,8,02:00,50
Lahti Laune,2012,3,9,02:00,50
Lahti Laune,2012,3,10,02:00,52
Lahti Laune,2012,3,11,02:00,55
Lahti Laune,2012,3,12,02:00,51
Lahti Laune,2012,3,13,02:00,50
Lahti Laune,2012,3,14,02:00,50
Lahti Laune,2012,3,15,02:00,49
Lahti Laune,2012,3,16,02:00,49
Lahti Laune,2012,3,17,02:00,47
Lahti Laune,2012,3,18,02:00,46
Lahti Laune,2012,3,19,02:00,46
Lahti Laune,2012,3,20,02:00,48
Lahti Laune,2012,3,21,02:00,48
Lahti Laune,2012,3,22,02:00,48
Lahti Laune,2012,3,23,02:00,45
Lahti Laune,2012,3,24,02:00,43
Lahti Laune,2012,3,25,02:00,49
Lahti Laune,2012,3,26,03:00,46
Lahti Laune,2012,3,27,03:00,42
Lahti Laune,2012,3,28,03:00,39
Lahti Laune,2012,3,29,03:00,39
Lahti Laune,2012,3,30,03:00,29
Lahti Laune,2012,3,31,03:00,34
Lahti Laune,2012,4,1,03:00,34
Lahti Laune,2012,4,2,03:00,38
Lahti Laune,2012,4,3,03:00,40
Lahti Laune,2012,4,4,03:00,40
Lahti Laune,2012,4,5,03:00,40
Lahti Laune,2012,4,6,03:00,35
Lahti Laune,2012,4,7,03:00,35
Lahti Laune,2012,4,8,03:00,35
Lahti Laune,2012,4,9,03:00,35
Lahti Laune,2012,4,10,03:00,35
Lahti Laune,2012,4,11,03:00,34
Lahti Laune,2012,4,12,03:00,31
Lahti Laune,2012,4,13,03:00,25
Lahti Laune,2012,4,14,03:00,21
Lahti Laune,2012,4,15,03:00,20
Lahti Laune,2012,4,16,03:00,15
Lahti Laune,2012,4,17,03:00,15
Lahti Laune,2012,4,18,03:00,14
Lahti Laune,2012,4,19,03:00,13
Lahti Laune,2012,4,20,03:00,12
Lahti Laune,2012,4,21,03:00,8
Lahti Laune,2012,4,22,03:00,-1
Lahti Laune,2012,4,23,03:00,-1
Lahti Laune,2012,4,24,03:00,-1
Lahti Laune,2012,4,25,03:00,-1
Lahti Laune,2012,4,26,03:00,-1
Lahti Laune,2012,4,27,03:00,-1
Lahti Laune,2012,4,28,03:00,-1
Lahti Laune,2012,4,29,03:00,-1
Lahti Laune,2012,4,30,03:00,-1
Lahti Laune,2012,5,1,03:00,-1
Lahti Laune,2012,5,2,03:00,-1
Lahti Laune,2012,5,3,03:00,-1
Lahti Laune,2012,5,4,03:00,-1
Lahti Laune,2012,5,5,03:00,-1
Lahti Laune,2012,5,6,03:00,-1
Lahti Laune,2012,5,7,03:00,-1
Lahti Laune,2012,5,8,03:00,-1
Lahti Laune,2012,5,9,03:00,-1
Lahti Laune,2012,5,10,03:00,-1
Lahti Laune,2012,5,11,03:00,-1
Lahti Laune,2012,5,12,03:00,-1
Lahti Laune,2012,5,13,03:00,-1
Lahti Laune,2012,5,14,03:00,-1
Lahti Laune,2012,5,15,03:00,-1
Lahti Laune,2012,5,16,03:00,-1
Lahti Laune,2012,5,17,03:00,-1
Lahti Laune,2012,5,18,03:00,-1
Lahti Laune,2012,5,19,03:00,-1
Lahti Laune,2012,5,20,03:00,-1
Lahti Laune,2012,5,21,03:00,-1
Lahti Laune,2012,5,22,03:00,-1
Lahti Laune,2012,5,23,03:00,-1
Lahti Laune,2012,5,24,03:00,-1
Lahti Laune,2012,5,25,03:00,-1
Lahti Laune,2012,5,26,03:00,-1
Lahti Laune,2012,5,27,03:00,-1
Lahti Laune,2012,5,28,03:00,-1
Lahti Laune,2012,5,29,03:00,-1
Lahti Laune,2012,5,30,03:00,-1
Lahti Laune,2012,5,31,03:00,-1
Lahti Laune,2012,6,1,03:00,-1
Lahti Laune,2012,6,2,03:00,-1
Lahti Laune,2012,6,3,03:00,-1
Lahti Laune,2012,6,4,03:00,-1
Lahti Laune,2012,6,5,03:00,-1
Lahti Laune,2012,6,6,03:00,-1
Lahti Laune,2012,6,7,03:00,-1
Lahti Laune,2012,6,8,03:00,-1
Lahti Laune,2012,6,9,03:00,-1
Lahti Laune,2012,6,10,03:00,-1
Lahti Laune,2012,6,11,03:00,-1
Lahti Laune,2012,6,12,03:00,-1
Lahti Laune,2012,6,13,03:00,-1
Lahti Laune,2012,6,14,03:00,-1
Lahti Laune,2012,6,15,03:00,-1
Lahti Laune,2012,6,16,03:00,-1
Lahti Laune,2012,6,17,03:00,-1
Lahti Laune,2012,6,18,03:00,-1
Lahti Laune,2012,6,19,03:00,-1
Lahti Laune,2012,6,20,03:00,-1
Lahti Laune,2012,6,21,03:00,-1
Lahti Laune,2012,6,22,03:00,-1
Lahti Laune,2012,6,23,03:00,-1
Lahti Laune,2012,6,24,03:00,-1
Lahti Laune,2012,6,25,03:00,-1
Lahti Laune,2012,6,26,03:00,-1
Lahti Laune,2012,6,27,03:00,-1
Lahti Laune,2012,6,28,03:00,-1
Lahti Laune,2012,6,29,03:00,-1
Lahti Laune,2012,6,30,03:00,-1
Lahti Laune,2012,7,1,03:00,-1
Lahti Laune,2012,7,2,03:00,-1
Lahti Laune,2012,7,3,03:00,-1
Lahti Laune,2012,7,4,03:00,-1
Lahti Laune,2012,7,5,03:00,-1
Lahti Laune,2012,7,6,03:00,-1
Lahti Laune,2012,7,7,03:00,-1
Lahti Laune,2012,7,8,03:00,-1
Lahti Laune,2012,7,9,03:00,-1
Lahti Laune,2012,7,10,03:00,-1
Lahti Laune,2012,7,11,03:00,-1
Lahti Laune,2012,7,12,03:00,-1
Lahti Laune,2012,7,13,03:00,-1
Lahti Laune,2012,7,14,03:00,-1
Lahti Laune,2012,7,15,03:00,-1
Lahti Laune,2012,7,16,03:00,-1
Lahti Laune,2012,7,17,03:00,-1
Lahti Laune,2012,7,18,03:00,-1
Lahti Laune,2012,7,19,03:00,-1
Lahti Laune,2012,7,20,03:00,-1
Lahti Laune,2012,7,21,03:00,-1
Lahti Laune,2012,7,22,03:00,-1
Lahti Laune,2012,7,23,03:00,-1
Lahti Laune,2012,7,24,03:00,-1
Lahti Laune,2012,7,25,03:00,-1
Lahti Laune,2012,7,26,03:00,-1
Lahti Laune,2012,7,27,03:00,-1
Lahti Laune,2012,7,28,03:00,-1
Lahti Laune,2012,7,29,03:00,-1
Lahti Laune,2012,7,30,03:00,-1
Lahti Laune,2012,7,31,03:00,-1
Lahti Laune,2012,8,1,03:00,-1
Lahti Laune,2012,8,2,03:00,-1
Lahti Laune,2012,8,3,03:00,-1
Lahti Laune,2012,8,4,03:00,-1
Lahti Laune,2012,8,5,03:00,-1
Lahti Laune,2012,8,6,03:00,-1
Lahti Laune,2012,8,7,03:00,-1
Lahti Laune,2012,8,8,03:00,-1
Lahti Laune,2012,8,9,03:00,-1
Lahti Laune,2012,8,10,03:00,-1
Lahti Laune,2012,8,11,03:00,-1
Lahti Laune,2012,8,12,03:00,-1
Lahti Laune,2012,8,13,03:00,-1
Lahti Laune,2012,8,14,03:00,-1
Lahti Laune,2012,8,15,03:00,-1
Lahti Laune,2012,8,16,03:00,-1
Lahti Laune,2012,8,17,03:00,-1
Lahti Laune,2012,8,18,03:00,-1
Lahti Laune,2012,8,19,03:00,-1
Lahti Laune,2012,8,20,03:00,-1
Lahti Laune,2012,8,21,03:00,-1
Lahti Laune,2012,8,22,03:00,-1
Lahti Laune,2012,8,23,03:00,-1
Lahti Laune,2012,8,24,03:00,-1
Lahti Laune,2012,8,25,03:00,-1
Lahti Laune,2012,8,26,03:00,-1
Lahti Laune,2012,8,27,03:00,-1
Lahti Laune,2012,8,28,03:00,-1
Lahti Laune,2012,8,29,03:00,-1
Lahti Laune,2012,8,30,03:00,-1
Lahti Laune,2012,8,31,03:00,-1
Lahti Laune,2012,9,1,03:00,-1
Lahti Laune,2012,9,2,03:00,-1
Lahti Laune,2012,9,3,03:00,-1
Lahti Laune,2012,9,4,03:00,-1
Lahti Laune,2012,9,5,03:00,-1
Lahti Laune,2012,9,6,03:00,-1
Lahti Laune,2012,9,7,03:00,-1
Lahti Laune,2012,9,8,03:00,-1
Lahti Laune,2012,9,9,03:00,-1
Lahti Laune,2012,9,10,03:00,-1
Lahti Laune,2012,9,11,03:00,-1
Lahti Laune,2012,9,12,03:00,-1
Lahti Laune,2012,9,13,03:00,-1
Lahti Laune,2012,9,14,03:00,-1
Lahti Laune,2012,9,15,03:00,-1
Lahti Laune,2012,9,16,03:00,-1
Lahti Laune,2012,9,17,03:00,-1
Lahti Laune,2012,9,18,03:00,-1
Lahti Laune,2012,9,19,03:00,-1
Lahti Laune,2012,9,20,03:00,-1
Lahti Laune,2012,9,21,03:00,-1
Lahti Laune,2012,9,22,03:00,-1
Lahti Laune,2012,9,23,03:00,-1
Lahti Laune,2012,9,24,03:00,-1
Lahti Laune,2012,9,25,03:00,-1
Lahti Laune,2012,9,26,03:00,-1
Lahti Laune,2012,9,27,03:00,-1
Lahti Laune,2012,9,28,03:00,-1
Lahti Laune,2012,9,29,03:00,-1
Lahti Laune,2012,9,30,03:00,-1
Lahti Laune,2012,10,1,03:00,-1
Lahti Laune,2012,10,2,03:00,-1
Lahti Laune,2012,10,3,03:00,-1
Lahti Laune,2012,10,4,03:00,-1
Lahti Laune,2012,10,5,03:00,-1
Lahti Laune,2012,10,6,03:00,-1
Lahti Laune,2012,10,7,03:00,-1
Lahti Laune,2012,10,8,03:00,-1
Lahti Laune,2012,10,9,03:00,-1
Lahti Laune,2012,10,10,03:00,-1
Lahti Laune,2012,10,11,03:00,-1
Lahti Laune,2012,10,12,03:00,-1
Lahti Laune,2012,10,13,03:00,-1
Lahti Laune,2012,10,14,03:00,-1
Lahti Laune,2012,10,15,03:00,-1
Lahti Laune,2012,10,16,03:00,-1
Lahti Laune,2012,10,17,03:00,-1
Lahti Laune,2012,10,18,03:00,-1
Lahti Laune,2012,10,19,03:00,-1
Lahti Laune,2012,10,20,03:00,-1
Lahti Laune,2012,10,21,03:00,-1
Lahti Laune,2012,10,22,03:00,-1
Lahti Laune,2012,10,23,03:00,-1
Lahti Laune,2012,10,24,03:00,-1
Lahti Laune,2012,10,25,03:00,-1
Lahti Laune,2012,10,26,03:00,-1
Lahti Laune,2012,10,27,03:00,3
Lahti Laune,2012,10,28,03:00,3
Lahti Laune,2012,10,29,02:00,2
Lahti Laune,2012,10,30,02:00,2
Lahti Laune,2012,10,31,02:00,2
Lahti Laune,2012,11,1,02:00,1
Lahti Laune,2012,11,2,02:00,-1
Lahti Laune,2012,11,3,02:00,-1
Lahti Laune,2012,11,4,02:00,-1
Lahti Laune,2012,11,5,02:00,-1
Lahti Laune,2012,11,6,02:00,1
Lahti Laune,2012,11,7,02:00,4
Lahti Laune,2012,11,8,02:00,4
Lahti Laune,2012,11,9,02:00,4
Lahti Laune,2012,11,10,02:00,3
Lahti Laune,2012,11,11,02:00,2
Lahti Laune,2012,11,12,02:00,-1
Lahti Laune,2012,11,13,02:00,-1
Lahti Laune,2012,11,14,02:00,-1
Lahti Laune,2012,11,15,02:00,-1
Lahti Laune,2012,11,16,02:00,-1
Lahti Laune,2012,11,17,02:00,-1
Lahti Laune,2012,11,18,02:00,-1
Lahti Laune,2012,11,19,02:00,-1
Lahti Laune,2012,11,20,02:00,-1
Lahti Laune,2012,11,21,02:00,-1
Lahti Laune,2012,11,22,02:00,-1
Lahti Laune,2012,11,23,02:00,-1
Lahti Laune,2012,11,24,02:00,-1
Lahti Laune,2012,11,25,02:00,-1
Lahti Laune,2012,11,26,02:00,-1
Lahti Laune,2012,11,27,02:00,-1
Lahti Laune,2012,11,28,02:00,1
Lahti Laune,2012,11,29,02:00,1
Lahti Laune,2012,11,30,02:00,1
Lahti Laune,2012,12,1,02:00,13
Lahti Laune,2012,12,2,02:00,14
Lahti Laune,2012,12,3,02:00,19
Lahti Laune,2012,12,4,02:00,16
Lahti Laune,2012,12,5,02:00,15
Lahti Laune,2012,12,6,02:00,13
Lahti Laune,2012,12,7,02:00,15
Lahti Laune,2012,12,8,02:00,20
Lahti Laune,2012,12,9,02:00,20
Lahti Laune,2012,12,10,02:00,20
Lahti Laune,2012,12,11,02:00,19
Lahti Laune,2012,12,12,02:00,25
Lahti Laune,2012,12,13,02:00,26
Lahti Laune,2012,12,14,02:00,34
Lahti Laune,2012,12,15,02:00,35
Lahti Laune,2012,12,16,02:00,35
Lahti Laune,2012,12,17,02:00,37
Lahti Laune,2012,12,18,02:00,35
Lahti Laune,2012,12,19,02:00,34
Lahti Laune,2012,12,20,02:00,33
Lahti Laune,2012,12,21,02:00,33
Lahti Laune,2012,12,22,02:00,32
Lahti Laune,2012,12,23,02:00,32
Lahti Laune,2012,12,24,02:00,31
Lahti Laune,2012,12,25,02:00,33
Lahti Laune,2012,12,26,02:00,36
Lahti Laune,2012,12,27,02:00,37
Lahti Laune,2012,12,28,02:00,35
Lahti Laune,2012,12,29,02:00,33
Lahti Laune,2012,12,30,02:00,35
Lahti Laune,2012,12,31,02:00,38
Lahti Laune,2013,1,1,02:00,34
Lahti Laune,2013,1,2,02:00,30
Lahti Laune,2013,1,3,02:00,26
Lahti Laune,2013,1,4,02:00,26
Lahti Laune,2013,1,5,02:00,26
Lahti Laune,2013,1,6,02:00,26
Lahti Laune,2013,1,7,02:00,26
Lahti Laune,2013,1,8,02:00,28
Lahti Laune,2013,1,9,02:00,30
Lahti Laune,2013,1,10,02:00,29
Lahti Laune,2013,1,11,02:00,30
Lahti Laune,2013,1,12,02:00,29
Lahti Laune,2013,1,13,02:00,29
Lahti Laune,2013,1,14,02:00,28
Lahti Laune,2013,1,15,02:00,28
Lahti Laune,2013,1,16,02:00,29
Lahti Laune,2013,1,17,02:00,31
Lahti Laune,2013,1,18,02:00,30
Lahti Laune,2013,1,19,02:00,29
Lahti Laune,2013,1,20,02:00,34
Lahti Laune,2013,1,21,02:00,35
Lahti Laune,2013,1,22,02:00,34
Lahti Laune,2013,1,23,02:00,33
Lahti Laune,2013,1,24,02:00,33
Lahti Laune,2013,1,25,02:00,33
Lahti Laune,2013,1,26,02:00,33
Lahti Laune,2013,1,27,02:00,37
Lahti Laune,2013,1,28,02:00,36
Lahti Laune,2013,1,29,02:00,38
Lahti Laune,2013,1,30,02:00,36
Lahti Laune,2013,1,31,02:00,48
Lahti Laune,2013,2,1,02:00,43
Lahti Laune,2013,2,2,02:00,41
Lahti Laune,2013,2,3,02:00,41
Lahti Laune,2013,2,4,02:00,40
Lahti Laune,2013,2,5,02:00,40
Lahti Laune,2013,2,6,02:00,41
Lahti Laune,2013,2,7,02:00,45
Lahti Laune,2013,2,8,02:00,46
Lahti Laune,2013,2,9,02:00,51
Lahti Laune,2013,2,10,02:00,55
Lahti Laune,2013,2,11,02:00,57
Lahti Laune,2013,2,12,02:00,58
Lahti Laune,2013,2,13,02:00,56
Lahti Laune,2013,2,14,02:00,56
Lahti Laune,2013,2,15,02:00,56
Lahti Laune,2013,2,16,02:00,56
Lahti Laune,2013,2,17,02:00,56
Lahti Laune,2013,2,18,02:00,57
Lahti Laune,2013,2,19,02:00,58
Lahti Laune,2013,2,20,02:00,58
Lahti Laune,2013,2,21,02:00,57
Lahti Laune,2013,2,22,02:00,56
Lahti Laune,2013,2,23,02:00,55
Lahti Laune,2013,2,24,02:00,54
Lahti Laune,2013,2,25,02:00,54
Lahti Laune,2013,2,26,02:00,53
Lahti Laune,2013,2,27,02:00,53
Lahti Laune,2013,2,28,02:00,51
Lahti Laune,2013,3,1,02:00,48
Lahti Laune,2013,3,2,02:00,48
Lahti Laune,2013,3,3,02:00,49
Lahti Laune,2013,3,4,02:00,49
Lahti Laune,2013,3,5,02:00,53
Lahti Laune,2013,3,6,02:00,52
Lahti Laune,2013,3,7,02:00,50
Lahti Laune,2013,3,8,02:00,50
Lahti Laune,2013,3,9,02:00,51
Lahti Laune,2013,3,10,02:00,51
Lahti Laune,2013,3,11,02:00,51
Lahti Laune,2013,3,12,02:00,52
Lahti Laune,2013,3,13,02:00,55
Lahti Laune,2013,3,14,02:00,56
Lahti Laune,2013,3,15,02:00,55
Lahti Laune,2013,3,16,02:00,54
Lahti Laune,2013,3,17,02:00,53
Lahti Laune,2013,3,18,02:00,53
Lahti Laune,2013,3,19,02:00,53
Lahti Laune,2013,3,20,02:00,52
Lahti Laune,2013,3,21,02:00,52
Lahti Laune,2013,3,22,02:00,51
Lahti Laune,2013,3,23,02:00,51
Lahti Laune,2013,3,24,02:00,51
Lahti Laune,2013,3,25,02:00,51
Lahti Laune,2013,3,26,02:00,51
Lahti Laune,2013,3,27,02:00,51
Lahti Laune,2013,3,28,02:00,51
Lahti Laune,2013,3,29,02:00,49
Lahti Laune,2013,3,30,02:00,49
Lahti Laune,2013,3,31,02:00,49
Lahti Laune,2013,4,1,03:00,49
Lahti Laune,2013,4,2,03:00,49
Lahti Laune,2013,4,3,03:00,48
Lahti Laune,2013,4,4,03:00,48
Lahti Laune,2013,4,5,03:00,47
Lahti Laune,2013,4,6,03:00,45
Lahti Laune,2013,4,7,03:00,45
Lahti Laune,2013,4,8,03:00,45
Lahti Laune,2013,4,9,03:00,45
Lahti Laune,2013,4,10,03:00,44
Lahti Laune,2013,4,11,03:00,44
Lahti Laune,2013,4,12,03:00,41
Lahti Laune,2013,4,13,03:00,37
Lahti Laune,2013,4,14,03:00,34
Lahti Laune,2013,4,15,03:00,32
Lahti Laune,2013,4,16,03:00,29
Lahti Laune,2013,4,17,03:00,24
Lahti Laune,2013,4,18,03:00,22
Lahti Laune,2013,4,19,03:00,19
Lahti Laune,2013,4,20,03:00,14
Lahti Laune,2013,4,21,03:00,8
Lahti Laune,2013,4,22,03:00,-1
Lahti Laune,2013,4,23,03:00,-1
Lahti Laune,2013,4,24,03:00,-1
Lahti Laune,2013,4,25,03:00,-1
Lahti Laune,2013,4,26,03:00,-1
Lahti Laune,2013,4,27,03:00,-1
Lahti Laune,2013,4,28,03:00,-1
Lahti Laune,2013,4,29,03:00,-1
Lahti Laune,2013,4,30,03:00,-1
Lahti Laune,2013,5,1,03:00,-1
Lahti Laune,2013,5,2,03:00,-1
Lahti Laune,2013,5,3,03:00,-1
Lahti Laune,2013,5,4,03:00,-1
Lahti Laune,2013,5,5,03:00,-1
Lahti Laune,2013,5,6,03:00,-1
Lahti Laune,2013,5,7,03:00,-1
Lahti Laune,2013,5,8,03:00,-1
Lahti Laune,2013,5,9,03:00,-1
Lahti Laune,2013,5,10,03:00,-1
Lahti Laune,2013,5,11,03:00,-1
Lahti Laune,2013,5,12,03:00,-1
Lahti Laune,2013,5,13,03:00,-1
Lahti Laune,2013,5,14,03:00,-1
Lahti Laune,2013,5,15,03:00,-1
Lahti Laune,2013,5,16,03:00,-1
Lahti Laune,2013,5,17,03:00,-1
Lahti Laune,2013,5,18,03:00,-1
Lahti Laune,2013,5,19,03:00,-1
Lahti Laune,2013,5,20,03:00,-1
Lahti Laune,2013,5,21,03:00,-1
Lahti Laune,2013,5,22,03:00,-1
Lahti Laune,2013,5,23,03:00,-1
Lahti Laune,2013,5,24,03:00,-1
Lahti Laune,2013,5,25,03:00,-1
Lahti Laune,2013,5,26,03:00,-1
Lahti Laune,2013,5,27,03:00,-1
Lahti Laune,2013,5,28,03:00,-1
Lahti Laune,2013,5,29,03:00,-1
Lahti Laune,2013,5,30,03:00,-1
Lahti Laune,2013,5,31,03:00,-1
Lahti Laune,2013,6,1,03:00,-1
Lahti Laune,2013,6,2,03:00,-1
Lahti Laune,2013,6,3,03:00,-1
Lahti Laune,2013,6,4,03:00,-1
Lahti Laune,2013,6,5,03:00,-1
Lahti Laune,2013,6,6,03:00,-1
Lahti Laune,2013,6,7,03:00,-1
Lahti Laune,2013,6,8,03:00,-1
Lahti Laune,2013,6,9,03:00,-1
Lahti Laune,2013,6,10,03:00,-1
Lahti Laune,2013,6,11,03:00,-1
Lahti Laune,2013,6,12,03:00,-1
Lahti Laune,2013,6,13,03:00,-1
Lahti Laune,2013,6,14,03:00,-1
Lahti Laune,2013,6,15,03:00,-1
Lahti Laune,2013,6,16,03:00,-1
Lahti Laune,2013,6,17,03:00,-1
Lahti Laune,2013,6,18,03:00,-1
Lahti Laune,2013,6,19,03:00,-1
Lahti Laune,2013,6,20,03:00,-1
Lahti Laune,2013,6,21,03:00,-1
Lahti Laune,2013,6,22,03:00,-1
Lahti Laune,2013,6,23,03:00,-1
Lahti Laune,2013,6,24,03:00,-1
Lahti Laune,2013,6,25,03:00,-1
Lahti Laune,2013,6,26,03:00,-1
Lahti Laune,2013,6,27,03:00,-1
Lahti Laune,2013,6,28,03:00,-1
Lahti Laune,2013,6,29,03:00,-1
Lahti Laune,2013,6,30,03:00,-1
Lahti Laune,2013,7,1,03:00,-1
Lahti Laune,2013,7,2,03:00,-1
Lahti Laune,2013,7,3,03:00,-1
Lahti Laune,2013,7,4,03:00,-1
Lahti Laune,2013,7,5,03:00,-1
Lahti Laune,2013,7,6,03:00,-1
Lahti Laune,2013,7,7,03:00,-1
Lahti Laune,2013,7,8,03:00,-1
Lahti Laune,2013,7,9,03:00,-1
Lahti Laune,2013,7,10,03:00,-1
Lahti Laune,2013,7,11,03:00,-1
Lahti Laune,2013,7,12,03:00,-1
Lahti Laune,2013,7,13,03:00,-1
Lahti Laune,2013,7,14,03:00,-1
Lahti Laune,2013,7,15,03:00,-1
Lahti Laune,2013,7,16,03:00,-1
Lahti Laune,2013,7,17,03:00,-1
Lahti Laune,2013,7,18,03:00,-1
Lahti Laune,2013,7,19,03:00,-1
Lahti Laune,2013,7,20,03:00,-1
Lahti Laune,2013,7,21,03:00,-1
Lahti Laune,2013,7,22,03:00,-1
Lahti Laune,2013,7,23,03:00,-1
Lahti Laune,2013,7,24,03:00,-1
Lahti Laune,2013,7,25,03:00,-1
Lahti Laune,2013,7,26,03:00,-1
Lahti Laune,2013,7,27,03:00,-1
Lahti Laune,2013,7,28,03:00,-1
Lahti Laune,2013,7,29,03:00,-1
Lahti Laune,2013,7,30,03:00,-1
Lahti Laune,2013,7,31,03:00,-1
Lahti Laune,2013,8,1,03:00,-1
Lahti Laune,2013,8,2,03:00,-1
Lahti Laune,2013,8,3,03:00,-1
Lahti Laune,2013,8,4,03:00,-1
Lahti Laune,2013,8,5,03:00,-1
Lahti Laune,2013,8,6,03:00,-1
Lahti Laune,2013,8,7,03:00,-1
Lahti Laune,2013,8,8,03:00,-1
Lahti Laune,2013,8,9,03:00,-1
Lahti Laune,2013,8,10,03:00,-1
Lahti Laune,2013,8,11,03:00,-1
Lahti Laune,2013,8,12,03:00,-1
Lahti Laune,2013,8,13,03:00,-1
Lahti Laune,2013,8,14,03:00,-1
Lahti Laune,2013,8,15,03:00,-1
Lahti Laune,2013,8,16,03:00,-1
Lahti Laune,2013,8,17,03:00,-1
Lahti Laune,2013,8,18,03:00,-1
Lahti Laune,2013,8,19,03:00,-1
Lahti Laune,2013,8,20,03:00,-1
Lahti Laune,2013,8,21,03:00,-1
Lahti Laune,2013,8,22,03:00,-1
Lahti Laune,2013,8,23,03:00,-1
Lahti Laune,2013,8,24,03:00,-1
Lahti Laune,2013,8,25,03:00,-1
Lahti Laune,2013,8,26,03:00,-1
Lahti Laune,2013,8,27,03:00,-1
Lahti Laune,2013,8,28,03:00,-1
Lahti Laune,2013,8,29,03:00,-1
Lahti Laune,2013,8,30,03:00,-1
Lahti Laune,2013,8,31,03:00,-1
Lahti Laune,2013,9,1,03:00,-1
Lahti Laune,2013,9,2,03:00,-1
Lahti Laune,2013,9,3,03:00,-1
Lahti Laune,2013,9,4,03:00,-1
Lahti Laune,2013,9,5,03:00,-1
Lahti Laune,2013,9,6,03:00,-1
Lahti Laune,2013,9,7,03:00,-1
Lahti Laune,2013,9,8,03:00,-1
Lahti Laune,2013,9,9,03:00,-1
Lahti Laune,2013,9,10,03:00,-1
Lahti Laune,2013,9,11,03:00,-1
Lahti Laune,2013,9,12,03:00,-1
Lahti Laune,2013,9,13,03:00,-1
Lahti Laune,2013,9,14,03:00,-1
Lahti Laune,2013,9,15,03:00,-1
Lahti Laune,2013,9,16,03:00,-1
Lahti Laune,2013,9,17,03:00,-1
Lahti Laune,2013,9,18,03:00,-1
Lahti Laune,2013,9,19,03:00,-1
Lahti Laune,2013,9,20,03:00,-1
Lahti Laune,2013,9,21,03:00,-1
Lahti Laune,2013,9,22,03:00,-1
Lahti Laune,2013,9,23,03:00,-1
Lahti Laune,2013,9,24,03:00,-1
Lahti Laune,2013,9,25,03:00,-1
Lahti Laune,2013,9,26,03:00,-1
Lahti Laune,2013,9,27,03:00,-1
Lahti Laune,2013,9,28,03:00,-1
Lahti Laune,2013,9,29,03:00,-1
Lahti Laune,2013,9,30,03:00,-1
Lahti Laune,2013,10,1,03:00,-1
Lahti Laune,2013,10,2,03:00,-1
Lahti Laune,2013,10,3,03:00,-1
Lahti Laune,2013,10,4,03:00,-1
Lahti Laune,2013,10,5,03:00,-1
Lahti Laune,2013,10,6,03:00,-1
Lahti Laune,2013,10,7,03:00,-1
Lahti Laune,2013,10,8,03:00,-1
Lahti Laune,2013,10,9,03:00,-1
Lahti Laune,2013,10,10,03:00,-1
Lahti Laune,2013,10,11,03:00,-1
Lahti Laune,2013,10,12,03:00,-1
Lahti Laune,2013,10,13,03:00,-1
Lahti Laune,2013,10,14,03:00,-1
Lahti Laune,2013,10,15,03:00,-1
Lahti Laune,2013,10,16,03:00,-1
Lahti Laune,2013,10,17,03:00,-1
Lahti Laune,2013,10,18,03:00,-1
Lahti Laune,2013,10,19,03:00,-1
Lahti Laune,2013,10,20,03:00,-1
Lahti Laune,2013,10,21,03:00,-1
Lahti Laune,2013,10,22,03:00,-1
Lahti Laune,2013,10,23,03:00,-1
Lahti Laune,2013,10,24,03:00,-1
Lahti Laune,2013,10,25,03:00,-1
Lahti Laune,2013,10,26,03:00,-1
Lahti Laune,2013,10,27,03:00,-1
Lahti Laune,2013,10,28,02:00,-1
Lahti Laune,2013,10,29,02:00,-1
Lahti Laune,2013,10,30,02:00,-1
Lahti Laune,2013,10,31,02:00,-1
Lahti Laune,2013,11,1,02:00,-1
Lahti Laune,2013,11,2,02:00,-1
Lahti Laune,2013,11,3,02:00,-1
Lahti Laune,2013,11,4,02:00,-1
Lahti Laune,2013,11,5,02:00,-1
Lahti Laune,2013,11,6,02:00,-1
Lahti Laune,2013,11,7,02:00,-1
Lahti Laune,2013,11,8,02:00,-1
Lahti Laune,2013,11,9,02:00,-1
Lahti Laune,2013,11,10,02:00,-1
Lahti Laune,2013,11,11,02:00,-1
Lahti Laune,2013,11,12,02:00,-1
Lahti Laune,2013,11,13,02:00,-1
Lahti Laune,2013,11,14,02:00,-1
Lahti Laune,2013,11,15,02:00,-1
Lahti Laune,2013,11,16,02:00,-1
Lahti Laune,2013,11,17,02:00,-1
Lahti Laune,2013,11,18,02:00,-1
Lahti Laune,2013,11,19,02:00,-1
Lahti Laune,2013,11,20,02:00,-1
Lahti Laune,2013,11,21,02:00,-1
Lahti Laune,2013,11,22,02:00,-1
Lahti Laune,2013,11,23,02:00,-1
Lahti Laune,2013,11,24,02:00,-1
Lahti Laune,2013,11,25,02:00,-1
Lahti Laune,2013,11,26,02:00,-1
Lahti Laune,2013,11,27,02:00,-1
Lahti Laune,2013,11,28,02:00,-1
Lahti Laune,2013,11,29,02:00,-1
Lahti Laune,2013,11,30,02:00,-1
Lahti Laune,2013,12,1,02:00,2
Lahti Laune,2013,12,2,02:00,4
Lahti Laune,2013,12,3,02:00,4
Lahti Laune,2013,12,4,02:00,4
Lahti Laune,2013,12,5,02:00,4
Lahti Laune,2013,12,6,02:00,5
Lahti Laune,2013,12,7,02:00,9
Lahti Laune,2013,12,8,02:00,9
Lahti Laune,2013,12,9,02:00,9
Lahti Laune,2013,12,10,02:00,9
Lahti Laune,2013,12,11,02:00,8
Lahti Laune,2013,12,12,02:00,7
Lahti Laune,2013,12,13,02:00,3
Lahti Laune,2013,12,14,02:00,3
Lahti Laune,2013,12,15,02:00,3
Lahti Laune,2013,12,16,02:00,3
Lahti Laune,2013,12,17,02:00,-1
Lahti Laune,2013,12,18,02:00,-1
Lahti Laune,2013,12,19,02:00,-1
Lahti Laune,2013,12,20,02:00,-1
Lahti Laune,2013,12,21,02:00,1
Lahti Laune,2013,12,22,02:00,-1
Lahti Laune,2013,12,23,02:00,-1
Lahti Laune,2013,12,24,02:00,-1
Lahti Laune,2013,12,25,02:00,-1
Lahti Laune,2013,12,26,02:00,-1
Lahti Laune,2013,12,27,02:00,-1
Lahti Laune,2013,12,28,02:00,-1
Lahti Laune,2013,12,29,02:00,-1
Lahti Laune,2013,12,30,02:00,-1
Lahti Laune,2013,12,31,02:00,-1
Lahti Laune,2014,1,1,02:00,-1
Lahti Laune,2014,1,2,02:00,1
Lahti Laune,2014,1,3,02:00,1
Lahti Laune,2014,1,4,02:00,1
Lahti Laune,2014,1,5,02:00,-1
Lahti Laune,2014,1,6,02:00,-1
Lahti Laune,2014,1,7,02:00,-1
Lahti Laune,2014,1,8,02:00,5
Lahti Laune,2014,1,9,02:00,2
Lahti Laune,2014,1,10,02:00,-1
Lahti Laune,2014,1,11,02:00,1
Lahti Laune,2014,1,12,02:00,2
Lahti Laune,2014,1,13,02:00,3
Lahti Laune,2014,1,14,02:00,3
Lahti Laune,2014,1,15,02:00,3
Lahti Laune,2014,1,16,02:00,3
Lahti Laune,2014,1,17,02:00,3
Lahti Laune,2014,1,18,02:00,3
Lahti Laune,2014,1,19,02:00,3
Lahti Laune,2014,1,20,02:00,3
Lahti Laune,2014,1,21,02:00,4
Lahti Laune,2014,1,22,02:00,4
Lahti Laune,2014,1,23,02:00,4
Lahti Laune,2014,1,24,02:00,4
Lahti Laune,2014,1,25,02:00,4
Lahti Laune,2014,1,26,02:00,4
Lahti Laune,2014,1,27,02:00,5
Lahti Laune,2014,1,28,02:00,9
Lahti Laune,2014,1,29,02:00,8
Lahti Laune,2014,1,30,02:00,8
Lahti Laune,2014,1,31,02:00,7
Lahti Laune,2014,2,1,02:00,11
Lahti Laune,2014,2,2,02:00,15
Lahti Laune,2014,2,3,02:00,17
Lahti Laune,2014,2,4,02:00,15
Lahti Laune,2014,2,5,02:00,14
Lahti Laune,2014,2,6,02:00,14
Lahti Laune,2014,2,7,02:00,13
Lahti Laune,2014,2,8,02:00,13
Lahti Laune,2014,2,9,02:00,12
Lahti Laune,2014,2,10,02:00,9
Lahti Laune,2014,2,11,02:00,11
Lahti Laune,2014,2,12,02:00,13
Lahti Laune,2014,2,13,02:00,11
Lahti Laune,2014,2,14,02:00,10
Lahti Laune,2014,2,15,02:00,10
Lahti Laune,2014,2,16,02:00,10
Lahti Laune,2014,2,17,02:00,10
Lahti Laune,2014,2,18,02:00,8
Lahti Laune,2014,2,19,02:00,8
Lahti Laune,2014,2,20,02:00,8
Lahti Laune,2014,2,21,02:00,8
Lahti Laune,2014,2,22,02:00,10
Lahti Laune,2014,2,23,02:00,8
Lahti Laune,2014,2,24,02:00,7
Lahti Laune,2014,2,25,02:00,4
Lahti Laune,2014,2,26,02:00,3
Lahti Laune,2014,2,27,02:00,3
Lahti Laune,2014,2,28,02:00,3
Lahti Laune,2014,3,1,02:00,3
Lahti Laune,2014,3,2,02:00,3
Lahti Laune,2014,3,3,02:00,3
Lahti Laune,2014,3,4,02:00,3
Lahti Laune,2014,3,5,02:00,3
Lahti Laune,2014,3,6,02:00,3
Lahti Laune,2014,3,7,02:00,3
Lahti Laune,2014,3,8,02:00,-1
Lahti Laune,2014,3,9,02:00,-1
Lahti Laune,2014,3,10,02:00,-1
Lahti Laune,2014,3,11,02:00,-1
Lahti Laune,2014,3,12,02:00,-1
Lahti Laune,2014,3,13,02:00,-1
Lahti Laune,2014,3,14,02:00,-1
Lahti Laune,2014,3,15,02:00,4
Lahti Laune,2014,3,16,02:00,8
Lahti Laune,2014,3,17,02:00,8
Lahti Laune,2014,3,18,02:00,7
Lahti Laune,2014,3,19,02:00,9
Lahti Laune,2014,3,20,02:00,8
Lahti Laune,2014,3,21,02:00,7
Lahti Laune,2014,3,22,02:00,3
Lahti Laune,2014,3,23,02:00,-1
Lahti Laune,2014,3,24,02:00,-1
Lahti Laune,2014,3,25,02:00,-1
Lahti Laune,2014,3,26,02:00,-1
Lahti Laune,2014,3,27,02:00,-1
Lahti Laune,2014,3,28,02:00,-1
Lahti Laune,2014,3,29,02:00,-1
Lahti Laune,2014,3,30,02:00,-1
Lahti Laune,2014,3,31,03:00,-1
Lahti Laune,2014,4,1,03:00,-1
Lahti Laune,2014,4,2,03:00,-1
Lahti Laune,2014,4,3,03:00,-1
Lahti Laune,2014,4,4,03:00,-1
Lahti Laune,2014,4,5,03:00,-1
Lahti Laune,2014,4,6,03:00,-1
Lahti Laune,2014,4,7,03:00,-1
Lahti Laune,2014,4,8,03:00,-1
Lahti Laune,2014,4,9,03:00,-1
Lahti Laune,2014,4,10,03:00,-1
Lahti Laune,2014,4,11,03:00,-1
Lahti Laune,2014,4,12,03:00,-1
Lahti Laune,2014,4,13,03:00,-1
Lahti Laune,2014,4,14,03:00,-1
Lahti Laune,2014,4,15,03:00,-1
Lahti Laune,2014,4,16,03:00,-1
Lahti Laune,2014,4,17,03:00,-1
Lahti Laune,2014,4,18,03:00,-1
Lahti Laune,2014,4,19,03:00,-1
Lahti Laune,2014,4,20,03:00,-1
Lahti Laune,2014,4,21,03:00,-1
Lahti Laune,2014,4,22,03:00,-1
Lahti Laune,2014,4,23,03:00,-1
Lahti Laune,2014,4,24,03:00,-1
Lahti Laune,2014,4,25,03:00,-1
Lahti Laune,2014,4,26,03:00,-1
Lahti Laune,2014,4,27,03:00,-1
Lahti Laune,2014,4,28,03:00,-1
Lahti Laune,2014,4,29,03:00,-1
Lahti Laune,2014,4,30,03:00,-1
Lahti Laune,2014,5,1,03:00,-1
Lahti Laune,2014,5,2,03:00,-1
Lahti Laune,2014,5,3,03:00,-1
Lahti Laune,2014,5,4,03:00,-1
Lahti Laune,2014,5,5,03:00,-1
Lahti Laune,2014,5,6,03:00,-1
Lahti Laune,2014,5,7,03:00,-1
Lahti Laune,2014,5,8,03:00,-1
Lahti Laune,2014,5,9,03:00,-1
Lahti Laune,2014,5,10,03:00,-1
Lahti Laune,2014,5,11,03:00,-1
Lahti Laune,2014,5,12,03:00,-1
Lahti Laune,2014,5,13,03:00,-1
Lahti Laune,2014,5,14,03:00,-1
Lahti Laune,2014,5,15,03:00,-1
Lahti Laune,2014,5,16,03:00,-1
Lahti Laune,2014,5,17,03:00,-1
Lahti Laune,2014,5,18,03:00,-1
Lahti Laune,2014,5,19,03:00,-1
Lahti Laune,2014,5,20,03:00,-1
Lahti Laune,2014,5,21,03:00,-1
Lahti Laune,2014,5,22,03:00,-1
Lahti Laune,2014,5,23,03:00,-1
Lahti Laune,2014,5,24,03:00,-1
Lahti Laune,2014,5,25,03:00,-1
Lahti Laune,2014,5,26,03:00,-1
Lahti Laune,2014,5,27,03:00,-1
Lahti Laune,2014,5,28,03:00,-1
Lahti Laune,2014,5,29,03:00,-1
Lahti Laune,2014,5,30,03:00,-1
Lahti Laune,2014,5,31,03:00,-1
Lahti Laune,2014,6,1,03:00,-1
Lahti Laune,2014,6,2,03:00,-1
Lahti Laune,2014,6,3,03:00,-1
Lahti Laune,2014,6,4,03:00,-1
Lahti Laune,2014,6,5,03:00,-1
Lahti Laune,2014,6,6,03:00,-1
Lahti Laune,2014,6,7,03:00,-1
Lahti Laune,2014,6,8,03:00,-1
Lahti Laune,2014,6,9,03:00,-1
Lahti Laune,2014,6,10,03:00,-1
Lahti Laune,2014,6,11,03:00,-1
Lahti Laune,2014,6,12,03:00,-1
Lahti Laune,2014,6,13,03:00,-1
Lahti Laune,2014,6,14,03:00,-1
Lahti Laune,2014,6,15,03:00,-1
Lahti Laune,2014,6,16,03:00,-1
Lahti Laune,2014,6,17,03:00,-1
Lahti Laune,2014,6,18,03:00,-1
Lahti Laune,2014,6,19,03:00,-1
Lahti Laune,2014,6,20,03:00,-1
Lahti Laune,2014,6,21,03:00,-1
Lahti Laune,2014,6,22,03:00,-1
Lahti Laune,2014,6,23,03:00,-1
Lahti Laune,2014,6,24,03:00,-1
Lahti Laune,2014,6,25,03:00,-1
Lahti Laune,2014,6,26,03:00,-1
Lahti Laune,2014,6,27,03:00,-1
Lahti Laune,2014,6,28,03:00,-1
Lahti Laune,2014,6,29,03:00,-1
Lahti Laune,2014,6,30,03:00,-1
Lahti Laune,2014,7,1,03:00,-1
Lahti Laune,2014,7,2,03:00,-1
Lahti Laune,2014,7,3,03:00,-1
Lahti Laune,2014,7,4,03:00,-1
Lahti Laune,2014,7,5,03:00,-1
Lahti Laune,2014,7,6,03:00,-1
Lahti Laune,2014,7,7,03:00,-1
Lahti Laune,2014,7,8,03:00,-1
Lahti Laune,2014,7,9,03:00,-1
Lahti Laune,2014,7,10,03:00,-1
Lahti Laune,2014,7,11,03:00,-1
Lahti Laune,2014,7,12,03:00,-1
Lahti Laune,2014,7,13,03:00,-1
Lahti Laune,2014,7,14,03:00,-1
Lahti Laune,2014,7,15,03:00,-1
Lahti Laune,2014,7,16,03:00,-1
Lahti Laune,2014,7,17,03:00,-1
Lahti Laune,2014,7,18,03:00,-1
Lahti Laune,2014,7,19,03:00,-1
Lahti Laune,2014,7,20,03:00,-1
Lahti Laune,2014,7,21,03:00,-1
Lahti Laune,2014,7,22,03:00,-1
Lahti Laune,2014,7,23,03:00,-1
Lahti Laune,2014,7,24,03:00,-1
Lahti Laune,2014,7,25,03:00,-1
Lahti Laune,2014,7,26,03:00,-1
Lahti Laune,2014,7,27,03:00,-1
Lahti Laune,2014,7,28,03:00,-1
Lahti Laune,2014,7,29,03:00,-1
Lahti Laune,2014,7,30,03:00,-1
Lahti Laune,2014,7,31,03:00,-1
Lahti Laune,2014,8,1,03:00,-1
Lahti Laune,2014,8,2,03:00,-1
Lahti Laune,2014,8,3,03:00,-1
Lahti Laune,2014,8,4,03:00,-1
Lahti Laune,2014,8,5,03:00,-1
Lahti Laune,2014,8,6,03:00,-1
Lahti Laune,2014,8,7,03:00,-1
Lahti Laune,2014,8,8,03:00,-1
Lahti Laune,2014,8,9,03:00,-1
Lahti Laune,2014,8,10,03:00,-1
Lahti Laune,2014,8,11,03:00,-1
Lahti Laune,2014,8,12,03:00,-1
Lahti Laune,2014,8,13,03:00,-1
Lahti Laune,2014,8,14,03:00,-1
Lahti Laune,2014,8,15,03:00,-1
Lahti Laune,2014,8,16,03:00,-1
Lahti Laune,2014,8,17,03:00,-1
Lahti Laune,2014,8,18,03:00,-1
Lahti Laune,2014,8,19,03:00,-1
Lahti Laune,2014,8,20,03:00,-1
Lahti Laune,2014,8,21,03:00,-1
Lahti Laune,2014,8,22,03:00,-1
Lahti Laune,2014,8,23,03:00,-1
Lahti Laune,2014,8,24,03:00,-1
Lahti Laune,2014,8,25,03:00,-1
Lahti Laune,2014,8,26,03:00,-1
Lahti Laune,2014,8,27,03:00,-1
Lahti Laune,2014,8,28,03:00,-1
Lahti Laune,2014,8,29,03:00,-1
Lahti Laune,2014,8,30,03:00,-1
Lahti Laune,2014,8,31,03:00,-1
Lahti Laune,2014,9,1,03:00,-1
Lahti Laune,2014,9,2,03:00,-1
Lahti Laune,2014,9,3,03:00,-1
Lahti Laune,2014,9,4,03:00,-1
Lahti Laune,2014,9,5,03:00,-1
Lahti Laune,2014,9,6,03:00,-1
Lahti Laune,2014,9,7,03:00,-1
Lahti Laune,2014,9,8,03:00,-1
Lahti Laune,2014,9,9,03:00,-1
Lahti Laune,2014,9,10,03:00,-1
Lahti Laune,2014,9,11,03:00,-1
Lahti Laune,2014,9,12,03:00,-1
Lahti Laune,2014,9,13,03:00,-1
Lahti Laune,2014,9,14,03:00,-1
Lahti Laune,2014,9,15,03:00,-1
Lahti Laune,2014,9,16,03:00,-1
Lahti Laune,2014,9,17,03:00,-1
Lahti Laune,2014,9,18,03:00,-1
Lahti Laune,2014,9,19,03:00,-1
Lahti Laune,2014,9,20,03:00,-1
Lahti Laune,2014,9,21,03:00,-1
Lahti Laune,2014,9,22,03:00,-1
Lahti Laune,2014,9,23,03:00,-1
Lahti Laune,2014,9,24,03:00,-1
Lahti Laune,2014,9,25,03:00,-1
Lahti Laune,2014,9,26,03:00,-1
Lahti Laune,2014,9,27,03:00,-1
Lahti Laune,2014,9,28,03:00,-1
Lahti Laune,2014,9,29,03:00,-1
Lahti Laune,2014,9,30,03:00,-1
Lahti Laune,2014,10,1,03:00,-1
Lahti Laune,2014,10,2,03:00,-1
Lahti Laune,2014,10,3,03:00,-1
Lahti Laune,2014,10,4,03:00,-1
Lahti Laune,2014,10,5,03:00,-1
Lahti Laune,2014,10,6,03:00,-1
Lahti Laune,2014,10,7,03:00,-1
Lahti Laune,2014,10,8,03:00,-1
Lahti Laune,2014,10,9,03:00,-1
Lahti Laune,2014,10,10,03:00,-1
Lahti Laune,2014,10,11,03:00,-1
Lahti Laune,2014,10,12,03:00,-1
Lahti Laune,2014,10,13,03:00,-1
Lahti Laune,2014,10,14,03:00,-1
Lahti Laune,2014,10,15,03:00,-1
Lahti Laune,2014,10,16,03:00,-1
Lahti Laune,2014,10,17,03:00,-1
Lahti Laune,2014,10,18,03:00,-1
Lahti Laune,2014,10,19,03:00,-1
Lahti Laune,2014,10,20,03:00,-1
Lahti Laune,2014,10,21,03:00,-1
Lahti Laune,2014,10,22,03:00,-1
Lahti Laune,2014,10,23,03:00,-1
Lahti Laune,2014,10,24,03:00,-1
Lahti Laune,2014,10,25,03:00,-1
Lahti Laune,2014,10,26,03:00,-1
Lahti Laune,2014,10,27,02:00,0
Lahti Laune,2014,10,28,02:00,-1
Lahti Laune,2014,10,29,02:00,-1
Lahti Laune,2014,10,30,02:00,-1
Lahti Laune,2014,10,31,02:00,-1
Lahti Laune,2014,11,1,02:00,-1
Lahti Laune,2014,11,2,02:00,-1
Lahti Laune,2014,11,3,02:00,-1
Lahti Laune,2014,11,4,02:00,-1
Lahti Laune,2014,11,5,02:00,-1
Lahti Laune,2014,11,6,02:00,-1
Lahti Laune,2014,11,7,02:00,8
Lahti Laune,2014,11,8,02:00,6
Lahti Laune,2014,11,9,02:00,5
Lahti Laune,2014,11,10,02:00,-1
Lahti Laune,2014,11,11,02:00,-1
Lahti Laune,2014,11,12,02:00,-1
Lahti Laune,2014,11,13,02:00,-1
Lahti Laune,2014,11,14,02:00,-1
Lahti Laune,2014,11,15,02:00,-1
Lahti Laune,2014,11,16,02:00,-1
Lahti Laune,2014,11,17,02:00,-1
Lahti Laune,2014,11,18,02:00,-1
Lahti Laune,2014,11,19,02:00,-1
Lahti Laune,2014,11,20,02:00,-1
Lahti Laune,2014,11,21,02:00,-1
Lahti Laune,2014,11,22,02:00,7
Lahti Laune,2014,11,23,02:00,7
Lahti Laune,2014,11,24,02:00,6
Lahti Laune,2014,11,25,02:00,5
Lahti Laune,2014,11,26,02:00,3
Lahti Laune,2014,11,27,02:00,-1
Lahti Laune,2014,11,28,02:00,-1
Lahti Laune,2014,11,29,02:00,-1
Lahti Laune,2014,11,30,02:00,1
Lahti Laune,2014,12,1,02:00,1
Lahti Laune,2014,12,2,02:00,1
Lahti Laune,2014,12,3,02:00,-1
Lahti Laune,2014,12,4,02:00,-1
Lahti Laune,2014,12,5,02:00,-1
Lahti Laune,2014,12,6,02:00,-1
Lahti Laune,2014,12,7,02:00,4
Lahti Laune,2014,12,8,02:00,1
Lahti Laune,2014,12,9,02:00,-1
Lahti Laune,2014,12,10,02:00,-1
Lahti Laune,2014,12,11,02:00,3
Lahti Laune,2014,12,12,02:00,6
Lahti Laune,2014,12,13,02:00,4
Lahti Laune,2014,12,14,02:00,13
Lahti Laune,2014,12,15,02:00,10
Lahti Laune,2014,12,16,02:00,6
Lahti Laune,2014,12,17,02:00,5
Lahti Laune,2014,12,18,02:00,5
Lahti Laune,2014,12,19,02:00,7
Lahti Laune,2014,12,20,02:00,6
Lahti Laune,2014,12,21,02:00,6
Lahti Laune,2014,12,22,02:00,6
Lahti Laune,2014,12,23,02:00,6
Lahti Laune,2014,12,24,02:00,6
Lahti Laune,2014,12,25,02:00,15
Lahti Laune,2014,12,26,02:00,13
Lahti Laune,2014,12,27,02:00,16
Lahti Laune,2014,12,28,02:00,14
Lahti Laune,2014,12,29,02:00,15
Lahti Laune,2014,12,30,02:00,14
Lahti Laune,2014,12,31,02:00,15
Lahti Laune,2015,1,1,02:00,12
Lahti Laune,2015,1,2,02:00,8
Lahti Laune,2015,1,3,02:00,5
Lahti Laune,2015,1,4,02:00,7
Lahti Laune,2015,1,5,02:00,7
Lahti Laune,2015,1,6,02:00,7
Lahti Laune,2015,1,7,02:00,7
Lahti Laune,2015,1,8,02:00,8
Lahti Laune,2015,1,9,02:00,9
Lahti Laune,2015,1,10,02:00,9
Lahti Laune,2015,1,11,02:00,13
Lahti Laune,2015,1,12,02:00,12
Lahti Laune,2015,1,13,02:00,17
Lahti Laune,2015,1,14,02:00,27
Lahti Laune,2015,1,15,02:00,25
Lahti Laune,2015,1,16,02:00,28
Lahti Laune,2015,1,17,02:00,20
Lahti Laune,2015,1,18,02:00,20
Lahti Laune,2015,1,19,02:00,21
Lahti Laune,2015,1,20,02:00,20
Lahti Laune,2015,1,21,02:00,20
Lahti Laune,2015,1,22,02:00,20
Lahti Laune,2015,1,23,02:00,21
Lahti Laune,2015,1,24,02:00,28
Lahti Laune,2015,1,25,02:00,26
Lahti Laune,2015,1,26,02:00,26
Lahti Laune,2015,1,27,02:00,25
Lahti Laune,2015,1,28,02:00,28
Lahti Laune,2015,1,29,02:00,28
Lahti Laune,2015,1,30,02:00,29
Lahti Laune,2015,1,31,02:00,29
Lahti Laune,2015,2,1,02:00,35
Lahti Laune,2015,2,2,02:00,41
Lahti Laune,2015,2,3,02:00,51
Lahti Laune,2015,2,4,02:00,50
Lahti Laune,2015,2,5,02:00,48
Lahti Laune,2015,2,6,02:00,48
Lahti Laune,2015,2,7,02:00,47
Lahti Laune,2015,2,8,02:00,45
Lahti Laune,2015,2,9,02:00,45
Lahti Laune,2015,2,10,02:00,44
Lahti Laune,2015,2,11,02:00,40
Lahti Laune,2015,2,12,02:00,39
Lahti Laune,2015,2,13,02:00,38
Lahti Laune,2015,2,14,02:00,38
Lahti Laune,2015,2,15,02:00,38
Lahti Laune,2015,2,16,02:00,38
Lahti Laune,2015,2,17,02:00,37
Lahti Laune,2015,2,18,02:00,41
Lahti Laune,2015,2,19,02:00,39
Lahti Laune,2015,2,20,02:00,32
Lahti Laune,2015,2,21,02:00,26
Lahti Laune,2015,2,22,02:00,26
Lahti Laune,2015,2,23,02:00,27
Lahti Laune,2015,2,24,02:00,27
Lahti Laune,2015,2,25,02:00,26
Lahti Laune,2015,2,26,02:00,25
Lahti Laune,2015,2,27,02:00,23
Lahti Laune,2015,2,28,02:00,23
Lahti Laune,2015,3,1,02:00,23
Lahti Laune,2015,3,2,02:00,23
Lahti Laune,2015,3,3,02:00,24
Lahti Laune,2015,3,4,02:00,25
Lahti Laune,2015,3,5,02:00,22
Lahti Laune,2015,3,6,02:00,22
Lahti Laune,2015,3,7,02:00,24
Lahti Laune,2015,3,8,02:00,22
Lahti Laune,2015,3,9,02:00,16
Lahti Laune,2015,3,10,02:00,15
Lahti Laune,2015,3,11,02:00,14
Lahti Laune,2015,3,12,02:00,12
Lahti Laune,2015,3,13,02:00,11
Lahti Laune,2015,3,14,02:00,10
Lahti Laune,2015,3,15,02:00,10
Lahti Laune,2015,3,16,02:00,10
Lahti Laune,2015,3,17,02:00,8
Lahti Laune,2015,3,18,02:00,5
Lahti Laune,2015,3,19,02:00,5
Lahti Laune,2015,3,20,02:00,5
Lahti Laune,2015,3,21,02:00,5
Lahti Laune,2015,3,22,02:00,5
Lahti Laune,2015,3,23,02:00,6
Lahti Laune,2015,3,24,02:00,5
Lahti Laune,2015,3,25,02:00,5
Lahti Laune,2015,3,26,02:00,5
Lahti Laune,2015,3,27,02:00,4
Lahti Laune,2015,3,28,02:00,3
Lahti Laune,2015,3,29,02:00,-1
Lahti Laune,2015,3,30,03:00,2
Lahti Laune,2015,3,31,03:00,10
Lahti Laune,2015,4,1,03:00,3
Lahti Laune,2015,4,2,03:00,2
Lahti Laune,2015,4,3,03:00,-1
Lahti Laune,2015,4,4,03:00,-1
Lahti Laune,2015,4,5,03:00,-1
Lahti Laune,2015,4,6,03:00,-1
Lahti Laune,2015,4,7,03:00,-1
Lahti Laune,2015,4,8,03:00,-1
Lahti Laune,2015,4,9,03:00,-1
Lahti Laune,2015,4,10,03:00,-1
Lahti Laune,2015,4,11,03:00,-1
Lahti Laune,2015,4,12,03:00,-1
Lahti Laune,2015,4,13,03:00,-1
Lahti Laune,2015,4,14,03:00,-1
Lahti Laune,2015,4,15,03:00,-1
Lahti Laune,2015,4,16,03:00,-1
Lahti Laune,2015,4,17,03:00,1
Lahti Laune,2015,4,18,03:00,1
Lahti Laune,2015,4,19,03:00,-1
Lahti Laune,2015,4,20,03:00,-1
Lahti Laune,2015,4,21,03:00,-1
Lahti Laune,2015,4,22,03:00,-1
Lahti Laune,2015,4,23,03:00,-1
Lahti Laune,2015,4,24,03:00,-1
Lahti Laune,2015,4,25,03:00,-1
Lahti Laune,2015,4,26,03:00,-1
Lahti Laune,2015,4,27,03:00,-1
Lahti Laune,2015,4,28,03:00,-1
Lahti Laune,2015,4,29,03:00,-1
Lahti Laune,2015,4,30,03:00,-1
Lahti Laune,2015,5,1,03:00,-1
Lahti Laune,2015,5,2,03:00,-1
Lahti Laune,2015,5,3,03:00,-1
Lahti Laune,2015,5,4,03:00,-1
Lahti Laune,2015,5,5,03:00,-1
Lahti Laune,2015,5,6,03:00,-1
Lahti Laune,2015,5,7,03:00,-1
Lahti Laune,2015,5,8,03:00,-1
Lahti Laune,2015,5,9,03:00,-1
Lahti Laune,2015,5,10,03:00,-1
Lahti Laune,2015,5,11,03:00,-1
Lahti Laune,2015,5,12,03:00,-1
Lahti Laune,2015,5,13,03:00,-1
Lahti Laune,2015,5,14,03:00,-1
Lahti Laune,2015,5,15,03:00,-1
Lahti Laune,2015,5,16,03:00,-1
Lahti Laune,2015,5,17,03:00,-1
Lahti Laune,2015,5,18,03:00,-1
Lahti Laune,2015,5,19,03:00,-1
Lahti Laune,2015,5,20,03:00,-1
Lahti Laune,2015,5,21,03:00,-1
Lahti Laune,2015,5,22,03:00,-1
Lahti Laune,2015,5,23,03:00,-1
Lahti Laune,2015,5,24,03:00,-1
Lahti Laune,2015,5,25,03:00,-1
Lahti Laune,2015,5,26,03:00,-1
Lahti Laune,2015,5,27,03:00,-1
Lahti Laune,2015,5,28,03:00,-1
Lahti Laune,2015,5,29,03:00,-1
Lahti Laune,2015,5,30,03:00,-1
Lahti Laune,2015,5,31,03:00,-1
Lahti Laune,2015,6,1,03:00,-1
Lahti Laune,2015,6,2,03:00,-1
Lahti Laune,2015,6,3,03:00,-1
Lahti Laune,2015,6,4,03:00,-1
Lahti Laune,2015,6,5,03:00,-1
Lahti Laune,2015,6,6,03:00,-1
Lahti Laune,2015,6,7,03:00,-1
Lahti Laune,2015,6,8,03:00,-1
Lahti Laune,2015,6,9,03:00,-1
Lahti Laune,2015,6,10,03:00,-1
Lahti Laune,2015,6,11,03:00,-1
Lahti Laune,2015,6,12,03:00,-1
Lahti Laune,2015,6,13,03:00,-1
Lahti Laune,2015,6,14,03:00,-1
Lahti Laune,2015,6,15,03:00,-1
Lahti Laune,2015,6,16,03:00,-1
Lahti Laune,2015,6,17,03:00,-1
Lahti Laune,2015,6,18,03:00,-1
Lahti Laune,2015,6,19,03:00,-1
Lahti Laune,2015,6,20,03:00,-1
Lahti Laune,2015,6,21,03:00,-1
Lahti Laune,2015,6,22,03:00,-1
Lahti Laune,2015,6,23,03:00,-1
Lahti Laune,2015,6,24,03:00,-1
Lahti Laune,2015,6,25,03:00,-1
Lahti Laune,2015,6,26,03:00,-1
Lahti Laune,2015,6,27,03:00,-1
Lahti Laune,2015,6,28,03:00,-1
Lahti Laune,2015,6,29,03:00,-1
Lahti Laune,2015,6,30,03:00,-1
Lahti Laune,2015,7,1,03:00,-1
Lahti Laune,2015,7,2,03:00,-1
Lahti Laune,2015,7,3,03:00,-1
Lahti Laune,2015,7,4,03:00,-1
Lahti Laune,2015,7,5,03:00,-1
Lahti Laune,2015,7,6,03:00,-1
Lahti Laune,2015,7,7,03:00,-1
Lahti Laune,2015,7,8,03:00,-1
Lahti Laune,2015,7,9,03:00,-1
Lahti Laune,2015,7,10,03:00,-1
Lahti Laune,2015,7,11,03:00,-1
Lahti Laune,2015,7,12,03:00,-1
Lahti Laune,2015,7,13,03:00,-1
Lahti Laune,2015,7,14,03:00,-1
Lahti Laune,2015,7,15,03:00,-1
Lahti Laune,2015,7,16,03:00,-1
Lahti Laune,2015,7,17,03:00,-1
Lahti Laune,2015,7,18,03:00,-1
Lahti Laune,2015,7,19,03:00,-1
Lahti Laune,2015,7,20,03:00,-1
Lahti Laune,2015,7,21,03:00,-1
Lahti Laune,2015,7,22,03:00,-1
Lahti Laune,2015,7,23,03:00,-1
Lahti Laune,2015,7,24,03:00,-1
Lahti Laune,2015,7,25,03:00,-1
Lahti Laune,2015,7,26,03:00,-1
Lahti Laune,2015,7,27,03:00,-1
Lahti Laune,2015,7,28,03:00,-1
Lahti Laune,2015,7,29,03:00,-1
Lahti Laune,2015,7,30,03:00,-1
Lahti Laune,2015,7,31,03:00,-1
Lahti Laune,2015,8,1,03:00,-1
Lahti Laune,2015,8,2,03:00,-1
Lahti Laune,2015,8,3,03:00,-1
Lahti Laune,2015,8,4,03:00,-1
Lahti Laune,2015,8,5,03:00,-1
Lahti Laune,2015,8,6,03:00,-1
Lahti Laune,2015,8,7,03:00,-1
Lahti Laune,2015,8,8,03:00,-1
Lahti Laune,2015,8,9,03:00,-1
Lahti Laune,2015,8,10,03:00,-1
Lahti Laune,2015,8,11,03:00,-1
Lahti Laune,2015,8,12,03:00,-1
Lahti Laune,2015,8,13,03:00,-1
Lahti Laune,2015,8,14,03:00,-1
Lahti Laune,2015,8,15,03:00,-1
Lahti Laune,2015,8,16,03:00,-1
Lahti Laune,2015,8,17,03:00,-1
Lahti Laune,2015,8,18,03:00,-1
Lahti Laune,2015,8,19,03:00,-1
Lahti Laune,2015,8,20,03:00,-1
Lahti Laune,2015,8,21,03:00,-1
Lahti Laune,2015,8,22,03:00,-1
Lahti Laune,2015,8,23,03:00,-1
Lahti Laune,2015,8,24,03:00,-1
Lahti Laune,2015,8,25,03:00,-1
Lahti Laune,2015,8,26,03:00,-1
Lahti Laune,2015,8,27,03:00,-1
Lahti Laune,2015,8,28,03:00,-1
Lahti Laune,2015,8,29,03:00,-1
Lahti Laune,2015,8,30,03:00,-1
Lahti Laune,2015,8,31,03:00,-1
Lahti Laune,2015,9,1,03:00,-1
Lahti Laune,2015,9,2,03:00,-1
Lahti Laune,2015,9,3,03:00,-1
Lahti Laune,2015,9,4,03:00,-1
Lahti Laune,2015,9,5,03:00,-1
Lahti Laune,2015,9,6,03:00,-1
Lahti Laune,2015,9,7,03:00,-1
Lahti Laune,2015,9,8,03:00,-1
Lahti Laune,2015,9,9,03:00,-1
Lahti Laune,2015,9,10,03:00,-1
Lahti Laune,2015,9,11,03:00,-1
Lahti Laune,2015,9,12,03:00,-1
Lahti Laune,2015,9,13,03:00,-1
Lahti Laune,2015,9,14,03:00,-1
Lahti Laune,2015,9,15,03:00,-1
Lahti Laune,2015,9,16,03:00,-1
Lahti Laune,2015,9,17,03:00,-1
Lahti Laune,2015,9,18,03:00,-1
Lahti Laune,2015,9,19,03:00,-1
Lahti Laune,2015,9,20,03:00,-1
Lahti Laune,2015,9,21,03:00,-1
Lahti Laune,2015,9,22,03:00,-1
Lahti Laune,2015,9,23,03:00,-1
Lahti Laune,2015,9,24,03:00,-1
Lahti Laune,2015,9,25,03:00,-1
Lahti Laune,2015,9,26,03:00,-1
Lahti Laune,2015,9,27,03:00,-1
Lahti Laune,2015,9,28,03:00,-1
Lahti Laune,2015,9,29,03:00,-1
Lahti Laune,2015,9,30,03:00,-1
Lahti Laune,2015,10,1,03:00,-1
Lahti Laune,2015,10,2,03:00,-1
Lahti Laune,2015,10,3,03:00,-1
Lahti Laune,2015,10,4,03:00,-1
Lahti Laune,2015,10,5,03:00,-1
Lahti Laune,2015,10,6,03:00,-1
Lahti Laune,2015,10,7,03:00,-1
Lahti Laune,2015,10,8,03:00,-1
Lahti Laune,2015,10,9,03:00,-1
Lahti Laune,2015,10,10,03:00,-1
Lahti Laune,2015,10,11,03:00,-1
Lahti Laune,2015,10,12,03:00,-1
Lahti Laune,2015,10,13,03:00,-1
Lahti Laune,2015,10,14,03:00,-1
Lahti Laune,2015,10,15,03:00,-1
Lahti Laune,2015,10,16,03:00,-1
Lahti Laune,2015,10,17,03:00,-1
Lahti Laune,2015,10,18,03:00,-1
Lahti Laune,2015,10,19,03:00,-1
Lahti Laune,2015,10,20,03:00,-1
Lahti Laune,2015,10,21,03:00,-1
Lahti Laune,2015,10,22,03:00,-1
Lahti Laune,2015,10,23,03:00,-1
Lahti Laune,2015,10,24,03:00,-1
Lahti Laune,2015,10,25,03:00,-1
Lahti Laune,2015,10,26,02:00,-1
Lahti Laune,2015,10,27,02:00,-1
Lahti Laune,2015,10,28,02:00,-1
Lahti Laune,2015,10,29,02:00,-1
Lahti Laune,2015,10,30,02:00,-1
Lahti Laune,2015,10,31,02:00,-1
Lahti Laune,2015,11,1,02:00,-1
Lahti Laune,2015,11,2,02:00,-1
Lahti Laune,2015,11,3,02:00,-1
Lahti Laune,2015,11,4,02:00,-1
Lahti Laune,2015,11,5,02:00,-1
Lahti Laune,2015,11,6,02:00,-1
Lahti Laune,2015,11,7,02:00,-1
Lahti Laune,2015,11,8,02:00,-1
Lahti Laune,2015,11,9,02:00,-1
Lahti Laune,2015,11,10,02:00,-1
Lahti Laune,2015,11,11,02:00,-1
Lahti Laune,2015,11,12,02:00,-1
Lahti Laune,2015,11,13,02:00,-1
Lahti Laune,2015,11,14,02:00,-1
Lahti Laune,2015,11,15,02:00,-1
Lahti Laune,2015,11,16,02:00,-1
Lahti Laune,2015,11,17,02:00,-1
Lahti Laune,2015,11,18,02:00,-1
Lahti Laune,2015,11,19,02:00,-1
Lahti Laune,2015,11,20,02:00,-1
Lahti Laune,2015,11,21,02:00,1
Lahti Laune,2015,11,22,02:00,3
Lahti Laune,2015,11,23,02:00,3
Lahti Laune,2015,11,24,02:00,3
Lahti Laune,2015,11,25,02:00,-1
Lahti Laune,2015,11,26,02:00,-1
Lahti Laune,2015,11,27,02:00,-1
Lahti Laune,2015,11,28,02:00,-1
Lahti Laune,2015,11,29,02:00,-1
Lahti Laune,2015,11,30,02:00,-1
Lahti Laune,2015,12,1,02:00,-1
Lahti Laune,2015,12,2,02:00,-1
Lahti Laune,2015,12,3,02:00,-1
Lahti Laune,2015,12,4,02:00,-1
Lahti Laune,2015,12,5,02:00,-1
Lahti Laune,2015,12,6,02:00,-1
Lahti Laune,2015,12,7,02:00,-1
Lahti Laune,2015,12,8,02:00,-1
Lahti Laune,2015,12,9,02:00,-1
Lahti Laune,2015,12,10,02:00,-1
Lahti Laune,2015,12,11,02:00,-1
Lahti Laune,2015,12,12,02:00,-1
Lahti Laune,2015,12,13,02:00,-1
Lahti Laune,2015,12,14,02:00,0
Lahti Laune,2015,12,15,02:00,0
Lahti Laune,2015,12,16,02:00,0
Lahti Laune,2015,12,17,02:00,-1
Lahti Laune,2015,12,18,02:00,2
Lahti Laune,2015,12,19,02:00,-1
Lahti Laune,2015,12,20,02:00,-1
Lahti Laune,2015,12,21,02:00,-1
Lahti Laune,2015,12,22,02:00,-1
Lahti Laune,2015,12,23,02:00,-1
Lahti Laune,2015,12,24,02:00,-1
Lahti Laune,2015,12,25,02:00,-1
Lahti Laune,2015,12,26,02:00,-1
Lahti Laune,2015,12,27,02:00,-1
Lahti Laune,2015,12,28,02:00,-1
Lahti Laune,2015,12,29,02:00,-1
Lahti Laune,2015,12,30,02:00,-1
Lahti Laune,2015,12,31,02:00,-1
Lahti Laune,2016,1,1,02:00,-1
Lahti Laune,2016,1,2,02:00,-1
Lahti Laune,2016,1,3,02:00,-1
Lahti Laune,2016,1,4,02:00,3
Lahti Laune,2016,1,5,02:00,3
Lahti Laune,2016,1,6,02:00,3
Lahti Laune,2016,1,7,02:00,3
Lahti Laune,2016,1,8,02:00,3
Lahti Laune,2016,1,9,02:00,3
Lahti Laune,2016,1,10,02:00,3
Lahti Laune,2016,1,11,02:00,3
Lahti Laune,2016,1,12,02:00,3
Lahti Laune,2016,1,13,02:00,12
Lahti Laune,2016,1,14,02:00,14
Lahti Laune,2016,1,15,02:00,15
Lahti Laune,2016,1,16,02:00,15
Lahti Laune,2016,1,17,02:00,16
Lahti Laune,2016,1,18,02:00,15
Lahti Laune,2016,1,19,02:00,18
Lahti Laune,2016,1,20,02:00,17
Lahti Laune,2016,1,21,02:00,17
Lahti Laune,2016,1,22,02:00,17
Lahti Laune,2016,1,23,02:00,17
Lahti Laune,2016,1,24,02:00,16
Lahti Laune,2016,1,25,02:00,16
Lahti Laune,2016,1,26,02:00,17
Lahti Laune,2016,1,27,02:00,14
Lahti Laune,2016,1,28,02:00,11
Lahti Laune,2016,1,29,02:00,10
Lahti Laune,2016,1,30,02:00,9
Lahti Laune,2016,1,31,02:00,7
Lahti Laune,2016,2,1,02:00,7
Lahti Laune,2016,2,2,02:00,10
Lahti Laune,2016,2,3,02:00,12
Lahti Laune,2016,2,4,02:00,12
Lahti Laune,2016,2,5,02:00,12
Lahti Laune,2016,2,6,02:00,12
Lahti Laune,2016,2,7,02:00,14
Lahti Laune,2016,2,8,02:00,9
Lahti Laune,2016,2,9,02:00,7
Lahti Laune,2016,2,10,02:00,5
Lahti Laune,2016,2,11,02:00,3
Lahti Laune,2016,2,12,02:00,5
Lahti Laune,2016,2,13,02:00,7
Lahti Laune,2016,2,14,02:00,11
Lahti Laune,2016,2,15,02:00,15
Lahti Laune,2016,2,16,02:00,13
Lahti Laune,2016,2,17,02:00,12
Lahti Laune,2016,2,18,02:00,12
Lahti Laune,2016,2,19,02:00,15
Lahti Laune,2016,2,20,02:00,19
Lahti Laune,2016,2,21,02:00,23
Lahti Laune,2016,2,22,02:00,29
Lahti Laune,2016,2,23,02:00,30
Lahti Laune,2016,2,24,02:00,31
Lahti Laune,2016,2,25,02:00,29
Lahti Laune,2016,2,26,02:00,27
Lahti Laune,2016,2,27,02:00,28
Lahti Laune,2016,2,28,02:00,29
Lahti Laune,2016,2,29,02:00,28
Lahti Laune,2016,3,1,02:00,28
Lahti Laune,2016,3,2,02:00,27
Lahti Laune,2016,3,3,02:00,27
Lahti Laune,2016,3,4,02:00,26
Lahti Laune,2016,3,5,02:00,26
Lahti Laune,2016,3,6,02:00,27
Lahti Laune,2016,3,7,02:00,25
Lahti Laune,2016,3,8,02:00,26
Lahti Laune,2016,3,9,02:00,25
Lahti Laune,2016,3,10,02:00,23
Lahti Laune,2016,3,11,02:00,22
Lahti Laune,2016,3,12,02:00,21
Lahti Laune,2016,3,13,02:00,21
Lahti Laune,2016,3,14,02:00,22
Lahti Laune,2016,3,15,02:00,21
Lahti Laune,2016,3,16,02:00,20
Lahti Laune,2016,3,17,02:00,17
Lahti Laune,2016,3,18,02:00,15
Lahti Laune,2016,3,19,02:00,15
Lahti Laune,2016,3,20,02:00,15
Lahti Laune,2016,3,21,02:00,17
Lahti Laune,2016,3,22,02:00,17
Lahti Laune,2016,3,23,02:00,17
Lahti Laune,2016,3,24,02:00,17
Lahti Laune,2016,3,25,02:00,17
Lahti Laune,2016,3,26,02:00,16
Lahti Laune,2016,3,27,02:00,15
Lahti Laune,2016,3,28,03:00,14
Lahti Laune,2016,3,29,03:00,12
Lahti Laune,2016,3,30,03:00,10
Lahti Laune,2016,3,31,03:00,8
Lahti Laune,2016,4,1,03:00,5
Lahti Laune,2016,4,2,03:00,3
Lahti Laune,2016,4,3,03:00,2
Lahti Laune,2016,4,4,03:00,2
Lahti Laune,2016,4,5,03:00,2
Lahti Laune,2016,4,6,03:00,-1
Lahti Laune,2016,4,7,03:00,-1
Lahti Laune,2016,4,8,03:00,-1
Lahti Laune,2016,4,9,03:00,-1
Lahti Laune,2016,4,10,03:00,-1
Lahti Laune,2016,4,11,03:00,-1
Lahti Laune,2016,4,12,03:00,-1
Lahti Laune,2016,4,13,03:00,-1
Lahti Laune,2016,4,14,03:00,-1
Lahti Laune,2016,4,15,03:00,-1
Lahti Laune,2016,4,16,03:00,-1
Lahti Laune,2016,4,17,03:00,-1
Lahti Laune,2016,4,18,03:00,-1
Lahti Laune,2016,4,19,03:00,-1
Lahti Laune,2016,4,20,03:00,-1
Lahti Laune,2016,4,21,03:00,-1
Lahti Laune,2016,4,22,03:00,-1
Lahti Laune,2016,4,23,03:00,-1
Lahti Laune,2016,4,24,03:00,-1
Lahti Laune,2016,4,25,03:00,-1
Lahti Laune,2016,4,26,03:00,-1
Lahti Laune,2016,4,27,03:00,-1
Lahti Laune,2016,4,28,03:00,-1
Lahti Laune,2016,4,29,03:00,-1
Lahti Laune,2016,4,30,03:00,-1
Lahti Laune,2016,5,1,03:00,-1
Lahti Laune,2016,5,2,03:00,-1
Lahti Laune,2016,5,3,03:00,-1
Lahti Laune,2016,5,4,03:00,-1
Lahti Laune,2016,5,5,03:00,-1
Lahti Laune,2016,5,6,03:00,-1
Lahti Laune,2016,5,7,03:00,-1
Lahti Laune,2016,5,8,03:00,-1
Lahti Laune,2016,5,9,03:00,-1
Lahti Laune,2016,5,10,03:00,-1
Lahti Laune,2016,5,11,03:00,-1
Lahti Laune,2016,5,12,03:00,-1
Lahti Laune,2016,5,13,03:00,-1
Lahti Laune,2016,5,14,03:00,-1
Lahti Laune,2016,5,15,03:00,-1
Lahti Laune,2016,5,16,03:00,-1
Lahti Laune,2016,5,17,03:00,-1
Lahti Laune,2016,5,18,03:00,-1
Lahti Laune,2016,5,19,03:00,-1
Lahti Laune,2016,5,20,03:00,-1
Lahti Laune,2016,5,21,03:00,-1
Lahti Laune,2016,5,22,03:00,-1
Lahti Laune,2016,5,23,03:00,-1
Lahti Laune,2016,5,24,03:00,-1
Lahti Laune,2016,5,25,03:00,-1
Lahti Laune,2016,5,26,03:00,-1
Lahti Laune,2016,5,27,03:00,-1
Lahti Laune,2016,5,28,03:00,-1
Lahti Laune,2016,5,29,03:00,-1
Lahti Laune,2016,5,30,03:00,-1
Lahti Laune,2016,5,31,03:00,-1
Lahti Laune,2016,6,1,03:00,-1
Lahti Laune,2016,6,2,03:00,-1
Lahti Laune,2016,6,3,03:00,-1
Lahti Laune,2016,6,4,03:00,-1
Lahti Laune,2016,6,5,03:00,-1
Lahti Laune,2016,6,6,03:00,-1
Lahti Laune,2016,6,7,03:00,-1
Lahti Laune,2016,6,8,03:00,-1
Lahti Laune,2016,6,9,03:00,-1
Lahti Laune,2016,6,10,03:00,-1
Lahti Laune,2016,6,11,03:00,-1
Lahti Laune,2016,6,12,03:00,-1
Lahti Laune,2016,6,13,03:00,-1
Lahti Laune,2016,6,14,03:00,-1
Lahti Laune,2016,6,15,03:00,-1
Lahti Laune,2016,6,16,03:00,-1
Lahti Laune,2016,6,17,03:00,-1
Lahti Laune,2016,6,18,03:00,-1
Lahti Laune,2016,6,19,03:00,-1
Lahti Laune,2016,6,20,03:00,-1
Lahti Laune,2016,6,21,03:00,-1
Lahti Laune,2016,6,22,03:00,-1
Lahti Laune,2016,6,23,03:00,-1
Lahti Laune,2016,6,24,03:00,-1
Lahti Laune,2016,6,25,03:00,-1
Lahti Laune,2016,6,26,03:00,-1
Lahti Laune,2016,6,27,03:00,-1
Lahti Laune,2016,6,28,03:00,-1
Lahti Laune,2016,6,29,03:00,-1
Lahti Laune,2016,6,30,03:00,-1
Lahti Laune,2016,7,1,03:00,-1
Lahti Laune,2016,7,2,03:00,-1
Lahti Laune,2016,7,3,03:00,-1
Lahti Laune,2016,7,4,03:00,-1
Lahti Laune,2016,7,5,03:00,-1
Lahti Laune,2016,7,6,03:00,-1
Lahti Laune,2016,7,7,03:00,-1
Lahti Laune,2016,7,8,03:00,-1
Lahti Laune,2016,7,9,03:00,-1
Lahti Laune,2016,7,10,03:00,-1
Lahti Laune,2016,7,11,03:00,-1
Lahti Laune,2016,7,12,03:00,-1
Lahti Laune,2016,7,13,03:00,-1
Lahti Laune,2016,7,14,03:00,-1
Lahti Laune,2016,7,15,03:00,-1
Lahti Laune,2016,7,16,03:00,-1
Lahti Laune,2016,7,17,03:00,-1
Lahti Laune,2016,7,18,03:00,-1
Lahti Laune,2016,7,19,03:00,-1
Lahti Laune,2016,7,20,03:00,-1
Lahti Laune,2016,7,21,03:00,-1
Lahti Laune,2016,7,22,03:00,-1
Lahti Laune,2016,7,23,03:00,-1
Lahti Laune,2016,7,24,03:00,-1
Lahti Laune,2016,7,25,03:00,-1
Lahti Laune,2016,7,26,03:00,-1
Lahti Laune,2016,7,27,03:00,-1
Lahti Laune,2016,7,28,03:00,-1
Lahti Laune,2016,7,29,03:00,-1
Lahti Laune,2016,7,30,03:00,-1
Lahti Laune,2016,7,31,03:00,-1
Lahti Laune,2016,8,1,03:00,-1
Lahti Laune,2016,8,2,03:00,-1
Lahti Laune,2016,8,3,03:00,-1
Lahti Laune,2016,8,4,03:00,-1
Lahti Laune,2016,8,5,03:00,-1
Lahti Laune,2016,8,6,03:00,-1
Lahti Laune,2016,8,7,03:00,-1
Lahti Laune,2016,8,8,03:00,-1
Lahti Laune,2016,8,9,03:00,-1
Lahti Laune,2016,8,10,03:00,-1
Lahti Laune,2016,8,11,03:00,-1
Lahti Laune,2016,8,12,03:00,-1
Lahti Laune,2016,8,13,03:00,-1
Lahti Laune,2016,8,14,03:00,-1
Lahti Laune,2016,8,15,03:00,-1
Lahti Laune,2016,8,16,03:00,-1
Lahti Laune,2016,8,17,03:00,-1
Lahti Laune,2016,8,18,03:00,-1
Lahti Laune,2016,8,19,03:00,-1
Lahti Laune,2016,8,20,03:00,-1
Lahti Laune,2016,8,21,03:00,-1
Lahti Laune,2016,8,22,03:00,-1
Lahti Laune,2016,8,23,03:00,-1
Lahti Laune,2016,8,24,03:00,-1
Lahti Laune,2016,8,25,03:00,-1
Lahti Laune,2016,8,26,03:00,-1
Lahti Laune,2016,8,27,03:00,-1
Lahti Laune,2016,8,28,03:00,-1
Lahti Laune,2016,8,29,03:00,-1
Lahti Laune,2016,8,30,03:00,-1
Lahti Laune,2016,8,31,03:00,-1
Lahti Laune,2016,9,1,03:00,-1
Lahti Laune,2016,9,2,03:00,-1
Lahti Laune,2016,9,3,03:00,-1
Lahti Laune,2016,9,4,03:00,-1
Lahti Laune,2016,9,5,03:00,-1
Lahti Laune,2016,9,6,03:00,-1
Lahti Laune,2016,9,7,03:00,-1
Lahti Laune,2016,9,8,03:00,-1
Lahti Laune,2016,9,9,03:00,-1
Lahti Laune,2016,9,10,03:00,-1
Lahti Laune,2016,9,11,03:00,-1
Lahti Laune,2016,9,12,03:00,-1
Lahti Laune,2016,9,13,03:00,-1
Lahti Laune,2016,9,14,03:00,-1
Lahti Laune,2016,9,15,03:00,-1
Lahti Laune,2016,9,16,03:00,-1
Lahti Laune,2016,9,17,03:00,-1
Lahti Laune,2016,9,18,03:00,-1
Lahti Laune,2016,9,19,03:00,-1
Lahti Laune,2016,9,20,03:00,-1
Lahti Laune,2016,9,21,03:00,-1
Lahti Laune,2016,9,22,03:00,-1
Lahti Laune,2016,9,23,03:00,-1
Lahti Laune,2016,9,24,03:00,-1
Lahti Laune,2016,9,25,03:00,-1
Lahti Laune,2016,9,26,03:00,-1
Lahti Laune,2016,9,27,03:00,-1
Lahti Laune,2016,9,28,03:00,-1
Lahti Laune,2016,9,29,03:00,-1
Lahti Laune,2016,9,30,03:00,-1
Lahti Laune,2016,10,1,03:00,-1
Lahti Laune,2016,10,2,03:00,-1
Lahti Laune,2016,10,3,03:00,-1
Lahti Laune,2016,10,4,03:00,-1
Lahti Laune,2016,10,5,03:00,-1
Lahti Laune,2016,10,6,03:00,-1
Lahti Laune,2016,10,7,03:00,-1
Lahti Laune,2016,10,8,03:00,-1
Lahti Laune,2016,10,9,03:00,-1
Lahti Laune,2016,10,10,03:00,-1
Lahti Laune,2016,10,11,03:00,-1
Lahti Laune,2016,10,12,03:00,-1
Lahti Laune,2016,10,13,03:00,-1
Lahti Laune,2016,10,14,03:00,0
Lahti Laune,2016,10,15,03:00,0
Lahti Laune,2016,10,16,03:00,0
Lahti Laune,2016,10,17,03:00,0
Lahti Laune,2016,10,18,03:00,-1
Lahti Laune,2016,10,19,03:00,-1
Lahti Laune,2016,10,20,03:00,-1
Lahti Laune,2016,10,21,03:00,0
Lahti Laune,2016,10,22,03:00,-1
Lahti Laune,2016,10,23,03:00,-1
Lahti Laune,2016,10,24,03:00,-1
Lahti Laune,2016,10,25,03:00,-1
Lahti Laune,2016,10,26,03:00,-1
Lahti Laune,2016,10,27,03:00,-1
Lahti Laune,2016,10,28,03:00,-1
Lahti Laune,2016,10,29,03:00,-1
Lahti Laune,2016,10,30,03:00,-1
Lahti Laune,2016,10,31,02:00,-1
Lahti Laune,2016,11,1,02:00,-1
Lahti Laune,2016,11,2,02:00,-1
Lahti Laune,2016,11,3,02:00,2
Lahti Laune,2016,11,4,02:00,2
Lahti Laune,2016,11,5,02:00,2
Lahti Laune,2016,11,6,02:00,2
Lahti Laune,2016,11,7,02:00,2
Lahti Laune,2016,11,8,02:00,3
Lahti Laune,2016,11,9,02:00,9
Lahti Laune,2016,11,10,02:00,7
Lahti Laune,2016,11,11,02:00,10
Lahti Laune,2016,11,12,02:00,9
Lahti Laune,2016,11,13,02:00,9
Lahti Laune,2016,11,14,02:00,8
Lahti Laune,2016,11,15,02:00,8
Lahti Laune,2016,11,16,02:00,6
Lahti Laune,2016,11,17,02:00,5
Lahti Laune,2016,11,18,02:00,2
Lahti Laune,2016,11,19,02:00,-1
Lahti Laune,2016,11,20,02:00,-1
Lahti Laune,2016,11,21,02:00,-1
Lahti Laune,2016,11,22,02:00,-1
Lahti Laune,2016,11,23,02:00,-1
Lahti Laune,2016,11,24,02:00,-1
Lahti Laune,2016,11,25,02:00,-1
Lahti Laune,2016,11,26,02:00,9
Lahti Laune,2016,11,27,02:00,6
Lahti Laune,2016,11,28,02:00,8
Lahti Laune,2016,11,29,02:00,6
Lahti Laune,2016,11,30,02:00,11
Lahti Laune,2016,12,1,02:00,11
Lahti Laune,2016,12,2,02:00,10
Lahti Laune,2016,12,3,02:00,10
Lahti Laune,2016,12,4,02:00,12
Lahti Laune,2016,12,5,02:00,12
Lahti Laune,2016,12,6,02:00,11
Lahti Laune,2016,12,7,02:00,11
Lahti Laune,2016,12,8,02:00,12
Lahti Laune,2016,12,9,02:00,13
Lahti Laune,2016,12,10,02:00,12
Lahti Laune,2016,12,11,02:00,12
Lahti Laune,2016,12,12,02:00,12
Lahti Laune,2016,12,13,02:00,12
Lahti Laune,2016,12,14,02:00,16
Lahti Laune,2016,12,15,02:00,16
Lahti Laune,2016,12,16,02:00,15
Lahti Laune,2016,12,17,02:00,15
Lahti Laune,2016,12,18,02:00,16
Lahti Laune,2016,12,19,02:00,15
Lahti Laune,2016,12,20,02:00,14
Lahti Laune,2016,12,21,02:00,12
Lahti Laune,2016,12,22,02:00,9
Lahti Laune,2016,12,23,02:00,7
Lahti Laune,2016,12,24,02:00,6
Lahti Laune,2016,12,25,02:00,5
Lahti Laune,2016,12,26,02:00,4
Lahti Laune,2016,12,27,02:00,3
Lahti Laune,2016,12,28,02:00,3
Lahti Laune,2016,12,29,02:00,4
Lahti Laune,2016,12,30,02:00,3
Lahti Laune,2016,12,31,02:00,0
Lahti Laune,2017,1,1,02:00,-1
Lahti Laune,2017,1,2,02:00,-1
Lahti Laune,2017,1,3,02:00,0
Lahti Laune,2017,1,4,02:00,12
Lahti Laune,2017,1,5,02:00,9
Lahti Laune,2017,1,6,02:00,8
Lahti Laune,2017,1,7,02:00,8
Lahti Laune,2017,1,8,02:00,13
Lahti Laune,2017,1,9,02:00,12
Lahti Laune,2017,1,10,02:00,11
Lahti Laune,2017,1,11,02:00,8
Lahti Laune,2017,1,12,02:00,7
Lahti Laune,2017,1,13,02:00,15
Lahti Laune,2017,1,14,02:00,15
Lahti Laune,2017,1,15,02:00,15
Lahti Laune,2017,1,16,02:00,15
Lahti Laune,2017,1,17,02:00,14
Lahti Laune,2017,1,18,02:00,14
Lahti Laune,2017,1,19,02:00,13
Lahti Laune,2017,1,20,02:00,13
Lahti Laune,2017,1,21,02:00,13
Lahti Laune,2017,1,22,02:00,14
Lahti Laune,2017,1,23,02:00,14
Lahti Laune,2017,1,24,02:00,14
Lahti Laune,2017,1,25,02:00,13
Lahti Laune,2017,1,26,02:00,14
Lahti Laune,2017,1,27,02:00,12
Lahti Laune,2017,1,28,02:00,12
Lahti Laune,2017,1,29,02:00,12
Lahti Laune,2017,1,30,02:00,12
Lahti Laune,2017,1,31,02:00,12
Lahti Laune,2017,2,1,02:00,12
Lahti Laune,2017,2,2,02:00,11
Lahti Laune,2017,2,3,02:00,13
Lahti Laune,2017,2,4,02:00,12
Lahti Laune,2017,2,5,02:00,13
Lahti Laune,2017,2,6,02:00,12
Lahti Laune,2017,2,7,02:00,14
Lahti Laune,2017,2,8,02:00,15
Lahti Laune,2017,2,9,02:00,14
Lahti Laune,2017,2,10,02:00,15
Lahti Laune,2017,2,11,02:00,15
Lahti Laune,2017,2,12,02:00,15
Lahti Laune,2017,2,13,02:00,14
Lahti Laune,2017,2,14,02:00,15
Lahti Laune,2017,2,15,02:00,15
Lahti Laune,2017,2,16,02:00,15
Lahti Laune,2017,2,17,02:00,15
Lahti Laune,2017,2,18,02:00,14
Lahti Laune,2017,2,19,02:00,15
Lahti Laune,2017,2,20,02:00,15
Lahti Laune,2017,2,21,02:00,15
Lahti Laune,2017,2,22,02:00,15
Lahti Laune,2017,2,23,02:00,23
Lahti Laune,2017,2,24,02:00,27
Lahti Laune,2017,2,25,02:00,26
Lahti Laune,2017,2,26,02:00,25
Lahti Laune,2017,2,27,02:00,26
Lahti Laune,2017,2,28,02:00,26
Lahti Laune,2017,3,1,02:00,20
Lahti Laune,2017,3,2,02:00,21
Lahti Laune,2017,3,3,02:00,20
Lahti Laune,2017,3,4,02:00,21
Lahti Laune,2017,3,5,02:00,21
Lahti Laune,2017,3,6,02:00,21
Lahti Laune,2017,3,7,02:00,20
Lahti Laune,2017,3,8,02:00,22
Lahti Laune,2017,3,9,02:00,23
Lahti Laune,2017,3,10,02:00,23
Lahti Laune,2017,3,11,02:00,22
Lahti Laune,2017,3,14,02:00,20
Lahti Laune,2017,3,15,02:00,20
Lahti Laune,2017,3,17,02:00,18
Lahti Laune,2017,3,18,02:00,17
Lahti Laune,2017,3,20,02:00,18
Lahti Laune,2017,3,29,03:00,7
Lahti Laune,2017,3,30,03:00,7
Lahti Laune,2017,3,31,03:00,6
Lahti Laune,2017,4,1,03:00,6
Lahti Laune,2017,4,2,03:00,3
Lahti Laune,2017,4,3,03:00,0
Lahti Laune,2017,4,4,03:00,-1
Lahti Laune,2017,4,5,03:00,0
Lahti Laune,2017,4,6,03:00,-1
Lahti Laune,2017,4,7,03:00,0
Lahti Laune,2017,4,8,03:00,0
Lahti Laune,2017,4,9,03:00,-1
Lahti Laune,2017,4,10,03:00,-1
Lahti Laune,2017,4,11,03:00,-1
Lahti Laune,2017,4,12,03:00,0
Lahti Laune,2017,4,13,03:00,-1
Lahti Laune,2017,4,14,03:00,-1
Lahti Laune,2017,4,15,03:00,-1
Lahti Laune,2017,4,16,03:00,-1
Lahti Laune,2017,4,17,03:00,-1
Lahti Laune,2017,4,18,03:00,-1
Lahti Laune,2017,4,19,03:00,-1
Lahti Laune,2017,4,20,03:00,-1
Lahti Laune,2017,4,21,03:00,-1
Lahti Laune,2017,4,22,03:00,-1
Lahti Laune,2017,4,23,03:00,-1
Lahti Laune,2017,4,24,03:00,-1
Lahti Laune,2017,4,25,03:00,-1
Lahti Laune,2017,4,26,03:00,-1
Lahti Laune,2017,4,27,03:00,-1
Lahti Laune,2017,4,28,03:00,-1
Lahti Laune,2017,4,29,03:00,-1
Lahti Laune,2017,4,30,03:00,6
Lahti Laune,2017,5,1,03:00,-1
Lahti Laune,2017,5,2,03:00,-1
Lahti Laune,2017,5,3,03:00,-1
Lahti Laune,2017,5,4,03:00,-1
Lahti Laune,2017,5,5,03:00,-1
Lahti Laune,2017,5,6,03:00,-1
Lahti Laune,2017,5,7,03:00,-1
Lahti Laune,2017,5,8,03:00,-1
Lahti Laune,2017,5,9,03:00,-1
Lahti Laune,2017,5,10,03:00,-1
Lahti Laune,2017,5,11,03:00,-1
Lahti Laune,2017,5,12,03:00,-1
Lahti Laune,2017,5,13,03:00,-1
Lahti Laune,2017,5,14,03:00,-1
Lahti Laune,2017,5,15,03:00,-1
Lahti Laune,2017,5,16,03:00,-1
Lahti Laune,2017,5,17,03:00,-1
Lahti Laune,2017,5,18,03:00,-1
Lahti Laune,2017,5,19,03:00,-1
Lahti Laune,2017,5,20,03:00,-1
Lahti Laune,2017,5,21,03:00,-1
Lahti Laune,2017,5,22,03:00,-1
Lahti Laune,2017,5,23,03:00,-1
Lahti Laune,2017,5,24,03:00,-1
Lahti Laune,2017,5,25,03:00,-1
Lahti Laune,2017,5,26,03:00,-1
Lahti Laune,2017,5,27,03:00,-1
Lahti Laune,2017,5,28,03:00,-1
Lahti Laune,2017,5,29,03:00,-1
Lahti Laune,2017,5,30,03:00,-1
Lahti Laune,2017,5,31,03:00,0
Lahti Laune,2017,6,1,03:00,-1
Lahti Laune,2017,6,2,03:00,-1
Lahti Laune,2017,6,3,03:00,-1
Lahti Laune,2017,6,4,03:00,-1
Lahti Laune,2017,6,5,03:00,-1
Lahti Laune,2017,6,6,03:00,-1
Lahti Laune,2017,6,7,03:00,-1
Lahti Laune,2017,6,8,03:00,-1
Lahti Laune,2017,6,9,03:00,-1
Lahti Laune,2017,6,10,03:00,-1
Lahti Laune,2017,6,11,03:00,-1
Lahti Laune,2017,6,12,03:00,-1
Lahti Laune,2017,6,13,03:00,-1
Lahti Laune,2017,6,14,03:00,-1
Lahti Laune,2017,6,15,03:00,-1
Lahti Laune,2017,6,16,03:00,-1
Lahti Laune,2017,6,17,03:00,-1
Lahti Laune,2017,6,18,03:00,-1
Lahti Laune,2017,6,19,03:00,-1
Lahti Laune,2017,6,20,03:00,-1
Lahti Laune,2017,6,21,03:00,-1
Lahti Laune,2017,6,22,03:00,-1
Lahti Laune,2017,6,23,03:00,-1
Lahti Laune,2017,6,24,03:00,-1
Lahti Laune,2017,6,25,03:00,-1
Lahti Laune,2017,6,26,03:00,-1
Lahti Laune,2017,6,27,03:00,-1
Lahti Laune,2017,6,28,03:00,-1
Lahti Laune,2017,6,29,03:00,-1
Lahti Laune,2017,6,30,03:00,-1
Lahti Laune,2017,7,1,03:00,-1
Lahti Laune,2017,7,2,03:00,-1
Lahti Laune,2017,7,3,03:00,-1
Lahti Laune,2017,7,4,03:00,-1
Lahti Laune,2017,7,5,03:00,-1
Lahti Laune,2017,7,6,03:00,-1
Lahti Laune,2017,7,7,03:00,-1
Lahti Laune,2017,7,8,03:00,-1
Lahti Laune,2017,7,9,03:00,-1
Lahti Laune,2017,7,10,03:00,-1
Lahti Laune,2017,7,11,03:00,-1
Lahti Laune,2017,7,12,03:00,-1
Lahti Laune,2017,7,13,03:00,-1
Lahti Laune,2017,7,14,03:00,-1
Lahti Laune,2017,7,15,03:00,-1
Lahti Laune,2017,7,16,03:00,-1
Lahti Laune,2017,7,17,03:00,-1
Lahti Laune,2017,7,18,03:00,-1
Lahti Laune,2017,7,19,03:00,-1
Lahti Laune,2017,7,20,03:00,-1
Lahti Laune,2017,7,21,03:00,-1
Lahti Laune,2017,7,22,03:00,-1
Lahti Laune,2017,7,23,03:00,-1
Lahti Laune,2017,7,24,03:00,-1
Lahti Laune,2017,7,25,03:00,-1
Lahti Laune,2017,7,26,03:00,-1
Lahti Laune,2017,7,27,03:00,-1
Lahti Laune,2017,7,28,03:00,-1
Lahti Laune,2017,7,29,03:00,-1
Lahti Laune,2017,7,30,03:00,-1
Lahti Laune,2017,7,31,03:00,-1
Lahti Laune,2017,8,1,03:00,-1
Lahti Laune,2017,8,2,03:00,-1
Lahti Laune,2017,8,3,03:00,-1
Lahti Laune,2017,8,4,03:00,-1
Lahti Laune,2017,8,6,03:00,-1
Lahti Laune,2017,8,7,03:00,-1
Lahti Laune,2017,8,8,03:00,-1
Lahti Laune,2017,8,9,03:00,-1
Lahti Laune,2017,8,10,03:00,-1
Lahti Laune,2017,8,11,03:00,-1
Lahti Laune,2017,8,12,03:00,-1
Lahti Laune,2017,8,13,03:00,-1
Lahti Laune,2017,8,14,03:00,-1
Lahti Laune,2017,8,15,03:00,-1
Lahti Laune,2017,8,16,03:00,-1
Lahti Laune,2017,8,17,03:00,-1
Lahti Laune,2017,8,18,03:00,-1
Lahti Laune,2017,8,19,03:00,-1
Lahti Laune,2017,8,20,03:00,-1
Lahti Laune,2017,8,21,03:00,-1
Lahti Laune,2017,8,22,03:00,-1
Lahti Laune,2017,8,23,03:00,-1
Lahti Laune,2017,8,24,03:00,-1
Lahti Laune,2017,8,25,03:00,-1
Lahti Laune,2017,8,26,03:00,-1
Lahti Laune,2017,8,27,03:00,-1
Lahti Laune,2017,8,28,03:00,-1
Lahti Laune,2017,8,29,03:00,-1
Lahti Laune,2017,8,30,03:00,-1
Lahti Laune,2017,8,31,03:00,-1
Lahti Laune,2017,9,1,03:00,-1
Lahti Laune,2017,9,2,03:00,-1
Lahti Laune,2017,9,3,03:00,-1
Lahti Laune,2017,9,4,03:00,-1
Lahti Laune,2017,9,5,03:00,-1
Lahti Laune,2017,9,6,03:00,-1
Lahti Laune,2017,9,7,03:00,-1
Lahti Laune,2017,9,8,03:00,-1
Lahti Laune,2017,9,9,03:00,-1
Lahti Laune,2017,9,10,03:00,-1
Lahti Laune,2017,9,11,03:00,-1
Lahti Laune,2017,9,12,03:00,0
Lahti Laune,2017,9,13,03:00,-1
Lahti Laune,2017,9,14,03:00,-1
Lahti Laune,2017,9,15,03:00,-1
Lahti Laune,2017,9,16,03:00,-1
Lahti Laune,2017,9,17,03:00,-1
Lahti Laune,2017,9,18,03:00,-1
Lahti Laune,2017,9,19,03:00,-1
Lahti Laune,2017,9,20,03:00,-1
Lahti Laune,2017,9,21,03:00,-1
Lahti Laune,2017,9,22,03:00,-1
Lahti Laune,2017,9,23,03:00,-1
Lahti Laune,2017,9,24,03:00,-1
Lahti Laune,2017,9,25,03:00,-1
Lahti Laune,2017,9,26,03:00,-1
Lahti Laune,2017,9,27,03:00,-1
Lahti Laune,2017,9,28,03:00,-1
Lahti Laune,2017,9,29,03:00,-1
Lahti Laune,2017,9,30,03:00,-1
Lahti Laune,2017,10,1,03:00,0
Lahti Laune,2017,10,2,03:00,0
Lahti Laune,2017,10,3,03:00,2
Lahti Laune,2017,10,4,03:00,-1
Lahti Laune,2017,10,5,03:00,-1
Lahti Laune,2017,10,6,03:00,-1
Lahti Laune,2017,10,7,03:00,-1
Lahti Laune,2017,10,8,03:00,-1
Lahti Laune,2017,10,9,03:00,-1
Lahti Laune,2017,10,10,03:00,-1
Lahti Laune,2017,10,11,03:00,-1
Lahti Laune,2017,10,13,03:00,-1
Lahti Laune,2017,10,14,03:00,-1
Lahti Laune,2017,10,15,03:00,-1
Lahti Laune,2017,10,16,03:00,-1
Lahti Laune,2017,10,17,03:00,-1
Lahti Laune,2017,10,18,03:00,-1
Lahti Laune,2017,10,20,03:00,-1
Lahti Laune,2017,10,21,03:00,-1
Lahti Laune,2017,10,22,03:00,-1
Lahti Laune,2017,10,23,03:00,-1
Lahti Laune,2017,10,24,03:00,-1
Lahti Laune,2017,10,25,03:00,-1
Lahti Laune,2017,10,26,03:00,3
Lahti Laune,2017,10,27,03:00,9
Lahti Laune,2017,10,28,03:00,8
Lahti Laune,2017,10,29,03:00,4
Lahti Laune,2017,10,30,02:00,3
Lahti Laune,2017,10,31,02:00,3
Lahti Laune,2017,11,1,02:00,3
Lahti Laune,2017,11,2,02:00,2
Lahti Laune,2017,11,3,02:00,2
Lahti Laune,2017,11,4,02:00,2
Lahti Laune,2017,11,5,02:00,-1
Lahti Laune,2017,11,6,02:00,-1
Lahti Laune,2017,11,7,02:00,-1
Lahti Laune,2017,11,8,02:00,-1
Lahti Laune,2017,11,9,02:00,-1
Lahti Laune,2017,11,10,02:00,-1
Lahti Laune,2017,11,11,02:00,-1
Lahti Laune,2017,11,12,02:00,-1
Lahti Laune,2017,11,13,02:00,-1
Lahti Laune,2017,11,14,02:00,-1
Lahti Laune,2017,11,15,02:00,0
Lahti Laune,2017,11,16,02:00,0
Lahti Laune,2017,11,17,02:00,-1
Lahti Laune,2017,11,18,02:00,-1
Lahti Laune,2017,11,19,02:00,-1
Lahti Laune,2017,11,20,02:00,-1
Lahti Laune,2017,11,21,02:00,-1
Lahti Laune,2017,11,22,02:00,-1
Lahti Laune,2017,11,23,02:00,-1
Lahti Laune,2017,11,24,02:00,0
Lahti Laune,2017,11,25,02:00,-1
Lahti Laune,2017,11,26,02:00,-1
Lahti Laune,2017,11,27,02:00,0
Lahti Laune,2017,11,28,02:00,-1
Lahti Laune,2017,11,29,02:00,2
Lahti Laune,2017,11,30,02:00,-1
Lahti Laune,2017,12,1,02:00,0
Lahti Laune,2017,12,2,02:00,8
Lahti Laune,2017,12,3,02:00,4
Lahti Laune,2017,12,4,02:00,-1
Lahti Laune,2017,12,5,02:00,-1
Lahti Laune,2017,12,6,02:00,0
Lahti Laune,2017,12,7,02:00,0
Lahti Laune,2017,12,8,02:00,9
Lahti Laune,2017,12,9,02:00,4
Lahti Laune,2017,12,10,02:00,4
Lahti Laune,2017,12,11,02:00,3
Lahti Laune,2017,12,12,02:00,4
Lahti Laune,2017,12,13,02:00,15
Lahti Laune,2017,12,14,02:00,15
Lahti Laune,2017,12,15,02:00,16
Lahti Laune,2017,12,16,02:00,20
Lahti Laune,2017,12,17,02:00,18
Lahti Laune,2017,12,18,02:00,17
Lahti Laune,2017,12,19,02:00,18
Lahti Laune,2017,12,20,02:00,18
Lahti Laune,2017,12,21,02:00,15
Lahti Laune,2017,12,22,02:00,15
Lahti Laune,2017,12,23,02:00,14
Lahti Laune,2017,12,24,02:00,21
Lahti Laune,2017,12,25,02:00,21
Lahti Laune,2017,12,26,02:00,28
Lahti Laune,2017,12,27,02:00,29
Lahti Laune,2017,12,28,02:00,26
Lahti Laune,2017,12,29,02:00,24
Lahti Laune,2017,12,30,02:00,27
Lahti Laune,2017,12,31,02:00,27
Lahti Laune,2018,1,1,02:00,26
Lahti Laune,2018,1,2,02:00,28
Lahti Laune,2018,1,3,02:00,24
Lahti Laune,2018,1,4,02:00,22
Lahti Laune,2018,1,5,02:00,22
Lahti Laune,2018,1,6,02:00,20
Lahti Laune,2018,1,7,02:00,21
Lahti Laune,2018,1,8,02:00,20
Lahti Laune,2018,1,9,02:00,22
Lahti Laune,2018,1,10,02:00,21
Lahti Laune,2018,1,11,02:00,22
Lahti Laune,2018,1,12,02:00,23
Lahti Laune,2018,1,13,02:00,23
Lahti Laune,2018,1,14,02:00,22
Lahti Laune,2018,1,15,02:00,22
Lahti Laune,2018,1,16,02:00,22
Lahti Laune,2018,1,17,02:00,20
Lahti Laune,2018,1,18,02:00,30
Lahti Laune,2018,1,19,02:00,30
Lahti Laune,2018,1,20,02:00,29
Lahti Laune,2018,1,21,02:00,28
Lahti Laune,2018,1,22,02:00,29
Lahti Laune,2018,1,23,02:00,24
Lahti Laune,2018,1,24,02:00,33
Lahti Laune,2018,1,25,02:00,31
Lahti Laune,2018,1,26,02:00,24
Lahti Laune,2018,1,27,02:00,22
Lahti Laune,2018,1,28,02:00,21
Lahti Laune,2018,1,29,02:00,22
Lahti Laune,2018,1,30,02:00,22
Lahti Laune,2018,1,31,02:00,23
Lahti Laune,2018,2,1,02:00,24
Lahti Laune,2018,2,2,02:00,28
Lahti Laune,2018,2,3,02:00,29
Lahti Laune,2018,2,4,02:00,25
Lahti Laune,2018,2,5,02:00,28
Lahti Laune,2018,2,6,02:00,30
Lahti Laune,2018,2,7,02:00,32
Lahti Laune,2018,2,8,02:00,36
Lahti Laune,2018,2,9,02:00,34
Lahti Laune,2018,2,10,02:00,33
Lahti Laune,2018,2,11,02:00,33
Lahti Laune,2018,2,12,02:00,34
Lahti Laune,2018,2,13,02:00,33
Lahti Laune,2018,2,14,02:00,33
Lahti Laune,2018,2,15,02:00,33
Lahti Laune,2018,2,16,02:00,33
Lahti Laune,2018,2,17,02:00,34
Lahti Laune,2018,2,18,02:00,34
Lahti Laune,2018,2,19,02:00,34
Lahti Laune,2018,2,20,02:00,33
Lahti Laune,2018,2,21,02:00,33
Lahti Laune,2018,2,22,02:00,34
Lahti Laune,2018,2,23,02:00,35
Lahti Laune,2018,2,24,02:00,34
Lahti Laune,2018,2,25,02:00,35
Lahti Laune,2018,2,26,02:00,36
Lahti Laune,2018,2,27,02:00,36
Lahti Laune,2018,2,28,02:00,36
Lahti Laune,2018,3,1,02:00,36
Lahti Laune,2018,3,2,02:00,36
Lahti Laune,2018,3,3,02:00,36
Lahti Laune,2018,3,4,02:00,35
Lahti Laune,2018,3,5,02:00,36
Lahti Laune,2018,3,6,02:00,36
Lahti Laune,2018,3,7,02:00,35
Lahti Laune,2018,3,8,02:00,35
Lahti Laune,2018,3,9,02:00,36
Lahti Laune,2018,3,10,02:00,36
Lahti Laune,2018,3,11,02:00,43
Lahti Laune,2018,3,12,02:00,40
Lahti Laune,2018,3,13,02:00,41
Lahti Laune,2018,3,14,02:00,40
Lahti Laune,2018,3,15,02:00,39
Lahti Laune,2018,3,16,02:00,39
Lahti Laune,2018,3,17,02:00,39
Lahti Laune,2018,3,18,02:00,39
Lahti Laune,2018,3,19,02:00,39
Lahti Laune,2018,3,20,02:00,39
Lahti Laune,2018,3,21,02:00,41
Lahti Laune,2018,3,22,02:00,37
Lahti Laune,2018,3,23,02:00,43
Lahti Laune,2018,3,24,02:00,43
Lahti Laune,2018,3,25,02:00,43
Lahti Laune,2018,3,26,03:00,38
Lahti Laune,2018,3,27,03:00,38
Lahti Laune,2018,3,28,03:00,38
Lahti Laune,2018,3,29,03:00,38
Lahti Laune,2018,3,30,03:00,39
Lahti Laune,2018,3,31,03:00,39
Lahti Laune,2018,4,1,03:00,39
Lahti Laune,2018,4,2,03:00,39
Lahti Laune,2018,4,3,03:00,56
Lahti Laune,2018,4,4,03:00,53
Lahti Laune,2018,4,5,03:00,48
Lahti Laune,2018,4,6,03:00,40
Lahti Laune,2018,4,7,03:00,37
Lahti Laune,2018,4,8,03:00,36
Lahti Laune,2018,4,9,03:00,33
Lahti Laune,2018,4,10,03:00,27
Lahti Laune,2018,4,11,03:00,26
Lahti Laune,2018,4,12,03:00,24
Lahti Laune,2018,4,13,03:00,21
Lahti Laune,2018,4,14,03:00,19
Lahti Laune,2018,4,15,03:00,16
Lahti Laune,2018,4,16,03:00,11
Lahti Laune,2018,4,17,03:00,7
Lahti Laune,2018,4,18,03:00,-1
Lahti Laune,2018,4,19,03:00,-1
Lahti Laune,2018,4,20,03:00,-1
Lahti Laune,2018,4,21,03:00,-1
Lahti Laune,2018,4,22,03:00,-1
Lahti Laune,2018,4,24,03:00,-1
Lahti Laune,2018,4,25,03:00,-1
Lahti Laune,2018,4,26,03:00,-1
Lahti Laune,2018,4,27,03:00,-1
Lahti Laune,2018,4,28,03:00,-1
Lahti Laune,2018,4,29,03:00,-1
Lahti Laune,2018,4,30,03:00,-1
Lahti Laune,2018,5,1,03:00,-1
Lahti Laune,2018,5,2,03:00,-1
Lahti Laune,2018,5,3,03:00,-1
Lahti Laune,2018,5,4,03:00,-1
Lahti Laune,2018,5,5,03:00,-1
Lahti Laune,2018,5,6,03:00,-1
Lahti Laune,2018,5,7,03:00,-1
Lahti Laune,2018,5,8,03:00,-1
Lahti Laune,2018,5,9,03:00,-1
Lahti Laune,2018,5,10,03:00,-1
Lahti Laune,2018,5,11,03:00,-1
Lahti Laune,2018,5,12,03:00,-1
Lahti Laune,2018,5,13,03:00,-1
Lahti Laune,2018,5,14,03:00,-1
Lahti Laune,2018,5,15,03:00,-1
Lahti Laune,2018,5,16,03:00,-1
Lahti Laune,2018,5,17,03:00,-1
Lahti Laune,2018,5,18,03:00,-1
Lahti Laune,2018,5,19,03:00,-1
Lahti Laune,2018,5,20,03:00,-1
Lahti Laune,2018,5,21,03:00,-1
Lahti Laune,2018,5,22,03:00,-1
Lahti Laune,2018,5,23,03:00,-1
Lahti Laune,2018,5,24,03:00,-1
Lahti Laune,2018,5,25,03:00,-1
Lahti Laune,2018,5,26,03:00,-1
Lahti Laune,2018,5,27,03:00,-1
Lahti Laune,2018,5,28,03:00,-1
Lahti Laune,2018,5,29,03:00,-1
Lahti Laune,2018,5,30,03:00,-1
Lahti Laune,2018,6,1,03:00,-1
Lahti Laune,2018,6,2,03:00,-1
Lahti Laune,2018,6,3,03:00,-1
Lahti Laune,2018,6,4,03:00,-1
Lahti Laune,2018,6,5,03:00,-1
Lahti Laune,2018,6,6,03:00,-1
Lahti Laune,2018,6,7,03:00,-1
Lahti Laune,2018,6,8,03:00,-1
Lahti Laune,2018,6,9,03:00,-1
Lahti Laune,2018,6,10,03:00,-1
Lahti Laune,2018,6,11,03:00,-1
Lahti Laune,2018,6,12,03:00,-1
Lahti Laune,2018,6,13,03:00,-1
Lahti Laune,2018,6,14,03:00,-1
Lahti Laune,2018,6,15,03:00,-1
Lahti Laune,2018,6,16,03:00,-1
Lahti Laune,2018,6,17,03:00,-1
Lahti Laune,2018,6,18,03:00,-1
Lahti Laune,2018,6,19,03:00,-1
Lahti Laune,2018,6,20,03:00,-1
Lahti Laune,2018,6,21,03:00,-1
Lahti Laune,2018,6,22,03:00,-1
Lahti Laune,2018,6,23,03:00,-1
Lahti Laune,2018,6,24,03:00,-1
Lahti Laune,2018,6,25,03:00,-1
Lahti Laune,2018,6,26,03:00,-1
Lahti Laune,2018,6,27,03:00,-1
Lahti Laune,2018,6,28,03:00,-1
Lahti Laune,2018,6,29,03:00,-1
Lahti Laune,2018,6,30,03:00,-1
Lahti Laune,2018,7,1,03:00,-1
Lahti Laune,2018,7,2,03:00,-1
Lahti Laune,2018,7,3,03:00,-1
Lahti Laune,2018,7,4,03:00,-1
Lahti Laune,2018,7,5,03:00,-1
Lahti Laune,2018,7,6,03:00,-1
Lahti Laune,2018,7,7,03:00,-1
Lahti Laune,2018,7,8,03:00,-1
Lahti Laune,2018,7,9,03:00,-1
Lahti Laune,2018,7,10,03:00,-1
Lahti Laune,2018,7,11,03:00,-1
Lahti Laune,2018,7,12,03:00,-1
Lahti Laune,2018,7,13,03:00,-1
Lahti Laune,2018,7,14,03:00,-1
Lahti Laune,2018,7,15,03:00,-1
Lahti Laune,2018,7,16,03:00,-1
Lahti Laune,2018,7,17,03:00,-1
Lahti Laune,2018,7,18,03:00,-1
Lahti Laune,2018,7,19,03:00,-1
Lahti Laune,2018,7,20,03:00,-1
Lahti Laune,2018,7,21,03:00,-1
Lahti Laune,2018,7,22,03:00,-1
Lahti Laune,2018,7,23,03:00,-1
Lahti Laune,2018,7,24,03:00,-1
Lahti Laune,2018,7,25,03:00,-1
Lahti Laune,2018,7,26,03:00,-1
Lahti Laune,2018,7,27,03:00,-1
Lahti Laune,2018,7,28,03:00,-1
Lahti Laune,2018,7,29,03:00,-1
Lahti Laune,2018,7,30,03:00,-1
Lahti Laune,2018,7,31,03:00,-1
Lahti Laune,2018,8,1,03:00,-1
Lahti Laune,2018,8,2,03:00,-1
Lahti Laune,2018,8,3,03:00,-1
Lahti Laune,2018,8,4,03:00,-1
Lahti Laune,2018,8,5,03:00,-1
Lahti Laune,2018,8,6,03:00,-1
Lahti Laune,2018,8,7,03:00,-1
Lahti Laune,2018,8,8,03:00,-1
Lahti Laune,2018,8,9,03:00,-1
Lahti Laune,2018,8,10,03:00,-1
Lahti Laune,2018,8,11,03:00,-1
Lahti Laune,2018,8,12,03:00,-1
Lahti Laune,2018,8,13,03:00,-1
Lahti Laune,2018,8,14,03:00,-1
Lahti Laune,2018,8,15,03:00,-1
Lahti Laune,2018,8,16,03:00,-1
Lahti Laune,2018,8,17,03:00,-1
Lahti Laune,2018,8,18,03:00,-1
Lahti Laune,2018,8,19,03:00,-1
Lahti Laune,2018,8,20,03:00,-1
Lahti Laune,2018,8,21,03:00,-1
Lahti Laune,2018,8,22,03:00,-1
Lahti Laune,2018,8,23,03:00,-1
Lahti Laune,2018,8,24,03:00,-1
Lahti Laune,2018,8,25,03:00,-1
Lahti Laune,2018,8,26,03:00,-1
Lahti Laune,2018,8,27,03:00,-1
Lahti Laune,2018,8,28,03:00,-1
Lahti Laune,2018,8,29,03:00,-1
Lahti Laune,2018,8,30,03:00,-1
Lahti Laune,2018,8,31,03:00,-1
Lahti Laune,2018,9,1,03:00,-1
Lahti Laune,2018,9,2,03:00,-1
Lahti Laune,2018,9,3,03:00,-1
Lahti Laune,2018,9,4,03:00,-1
Lahti Laune,2018,9,5,03:00,-1
Lahti Laune,2018,9,6,03:00,-1
Lahti Laune,2018,9,7,03:00,-1
Lahti Laune,2018,9,8,03:00,-1
Lahti Laune,2018,9,9,03:00,-1
Lahti Laune,2018,9,10,03:00,-1
Lahti Laune,2018,9,11,03:00,-1
Lahti Laune,2018,9,12,03:00,-1
Lahti Laune,2018,9,13,03:00,-1
Lahti Laune,2018,9,14,03:00,-1
Lahti Laune,2018,9,15,03:00,-1
Lahti Laune,2018,9,16,03:00,-1
Lahti Laune,2018,9,17,03:00,-1
Lahti Laune,2018,9,18,03:00,-1
Lahti Laune,2018,9,19,03:00,-1
Lahti Laune,2018,9,20,03:00,-1
Lahti Laune,2018,9,21,03:00,-1
Lahti Laune,2018,9,22,03:00,-1
Lahti Laune,2018,9,23,03:00,-1
Lahti Laune,2018,9,24,03:00,-1
Lahti Laune,2018,9,25,03:00,-1
Lahti Laune,2018,9,26,03:00,-1
Lahti Laune,2018,9,27,03:00,-1
Lahti Laune,2018,9,28,03:00,-1
Lahti Laune,2018,9,29,03:00,-1
Lahti Laune,2018,9,30,03:00,-1
Lahti Laune,2018,10,1,03:00,-1
Lahti Laune,2018,10,2,03:00,-1
Lahti Laune,2018,10,3,03:00,-1
Lahti Laune,2018,10,4,03:00,-1
Lahti Laune,2018,10,5,03:00,-1
Lahti Laune,2018,10,6,03:00,-1
Lahti Laune,2018,10,7,03:00,-1
Lahti Laune,2018,10,8,03:00,-1
Lahti Laune,2018,10,9,03:00,0
Lahti Laune,2018,10,10,03:00,-1
Lahti Laune,2018,10,11,03:00,-1
Lahti Laune,2018,10,12,03:00,-1
Lahti Laune,2018,10,13,03:00,-1
Lahti Laune,2018,10,14,03:00,-1
Lahti Laune,2018,10,15,03:00,-1
Lahti Laune,2018,10,16,03:00,-1
Lahti Laune,2018,10,17,03:00,-1
Lahti Laune,2018,10,18,03:00,-1
Lahti Laune,2018,10,19,03:00,-1
Lahti Laune,2018,10,20,03:00,-1
Lahti Laune,2018,10,21,03:00,-1
Lahti Laune,2018,10,24,03:00,-1
Lahti Laune,2018,10,25,03:00,-1
Lahti Laune,2018,10,26,03:00,-1
Lahti Laune,2018,10,27,03:00,-1
Lahti Laune,2018,10,28,03:00,0
Lahti Laune,2018,10,29,02:00,0
Lahti Laune,2018,10,30,02:00,0
Lahti Laune,2018,10,31,02:00,-1
Lahti Laune,2018,11,1,02:00,-1
Lahti Laune,2018,11,2,02:00,-1
Lahti Laune,2018,11,4,02:00,-1
Lahti Laune,2018,11,5,02:00,-1
Lahti Laune,2018,11,6,02:00,-1
Lahti Laune,2018,11,7,02:00,-1
Lahti Laune,2018,11,8,02:00,-1
Lahti Laune,2018,11,9,02:00,-1
Lahti Laune,2018,11,10,02:00,-1
Lahti Laune,2018,11,11,02:00,-1
Lahti Laune,2018,11,12,02:00,-1
Lahti Laune,2018,11,13,02:00,-1
Lahti Laune,2018,11,14,02:00,-1
Lahti Laune,2018,11,15,02:00,-1
Lahti Laune,2018,11,17,02:00,-1
Lahti Laune,2018,11,18,02:00,-1
Lahti Laune,2018,11,19,02:00,-1
Lahti Laune,2018,11,20,02:00,-1
Lahti Laune,2018,11,21,02:00,-1
Lahti Laune,2018,11,22,02:00,-1
Lahti Laune,2018,11,23,02:00,-1
Lahti Laune,2018,11,24,02:00,-1
Lahti Laune,2018,11,25,02:00,-1
Lahti Laune,2018,11,26,02:00,-1
Lahti Laune,2018,11,27,02:00,-1
Lahti Laune,2018,11,28,02:00,-1
Lahti Laune,2018,11,29,02:00,-1
Lahti Laune,2018,11,30,02:00,2
Lahti Laune,2018,12,1,02:00,2
Lahti Laune,2018,12,2,02:00,2
Lahti Laune,2018,12,3,02:00,3
Lahti Laune,2018,12,4,02:00,4
Lahti Laune,2018,12,5,02:00,-1
Lahti Laune,2018,12,6,02:00,0
Lahti Laune,2018,12,7,02:00,0
Lahti Laune,2018,12,8,02:00,4
Lahti Laune,2018,12,9,02:00,3
Lahti Laune,2018,12,10,02:00,-1
Lahti Laune,2018,12,11,02:00,-1
Lahti Laune,2018,12,12,02:00,-1
Lahti Laune,2018,12,13,02:00,-1
Lahti Laune,2018,12,14,02:00,-1
Lahti Laune,2018,12,15,02:00,0
Lahti Laune,2018,12,16,02:00,2
Lahti Laune,2018,12,17,02:00,2
Lahti Laune,2018,12,18,02:00,5
Lahti Laune,2018,12,19,02:00,7
Lahti Laune,2018,12,20,02:00,8
Lahti Laune,2018,12,21,02:00,5
Lahti Laune,2018,12,22,02:00,7
Lahti Laune,2018,12,23,02:00,9
Lahti Laune,2018,12,24,02:00,8
Lahti Laune,2018,12,25,02:00,9
Lahti Laune,2018,12,26,02:00,10
Lahti Laune,2018,12,27,02:00,10
Lahti Laune,2018,12,28,02:00,10
Lahti Laune,2018,12,29,02:00,10
Lahti Laune,2018,12,30,02:00,10
Lahti Laune,2018,12,31,02:00,10
Lahti Laune,2019,1,1,02:00,16
Lahti Laune,2019,1,2,02:00,13
Lahti Laune,2019,1,3,02:00,13
Lahti Laune,2019,1,4,02:00,14
Lahti Laune,2019,1,5,02:00,15
Lahti Laune,2019,1,6,02:00,15
Lahti Laune,2019,1,7,02:00,16
Lahti Laune,2019,1,8,02:00,15
Lahti Laune,2019,1,9,02:00,22
Lahti Laune,2019,1,10,02:00,22
Lahti Laune,2019,1,11,02:00,23
Lahti Laune,2019,1,12,02:00,23
Lahti Laune,2019,1,13,02:00,22
Lahti Laune,2019,1,14,02:00,24
Lahti Laune,2019,1,15,02:00,32
Lahti Laune,2019,1,16,02:00,32
Lahti Laune,2019,1,19,02:00,38
Lahti Laune,2019,1,20,02:00,49
Lahti Laune,2019,1,21,02:00,45
Lahti Laune,2019,1,22,02:00,44
Lahti Laune,2019,1,23,02:00,42
Lahti Laune,2019,1,24,02:00,46
Lahti Laune,2019,1,25,02:00,45
Lahti Laune,2019,1,26,02:00,47
Lahti Laune,2019,1,27,02:00,46
Lahti Laune,2019,1,28,02:00,45
Lahti Laune,2019,1,29,02:00,40
Lahti Laune,2019,1,30,02:00,51
Lahti Laune,2019,1,31,02:00,52
Lahti Laune,2019,2,1,02:00,51
Lahti Laune,2019,2,2,02:00,49
Lahti Laune,2019,2,3,02:00,53
Lahti Laune,2019,2,4,02:00,54
Lahti Laune,2019,2,5,02:00,56
Lahti Laune,2019,2,6,02:00,62
Lahti Laune,2019,2,7,02:00,62
Lahti Laune,2019,2,8,02:00,63
Lahti Laune,2019,2,9,02:00,61
Lahti Laune,2019,2,10,02:00,57
Lahti Laune,2019,2,11,02:00,51
Lahti Laune,2019,2,12,02:00,49
Lahti Laune,2019,2,13,02:00,49
Lahti Laune,2019,2,14,02:00,50
Lahti Laune,2019,2,15,02:00,49
Lahti Laune,2019,2,16,02:00,48
Lahti Laune,2019,2,17,02:00,48
Lahti Laune,2019,2,18,02:00,47
Lahti Laune,2019,2,19,02:00,45
Lahti Laune,2019,2,20,02:00,44
Lahti Laune,2019,2,21,02:00,43
Lahti Laune,2019,2,22,02:00,42
Lahti Laune,2019,2,23,02:00,44
Lahti Laune,2019,2,24,02:00,44
Lahti Laune,2019,2,25,02:00,44
Lahti Laune,2019,2,26,02:00,43
Lahti Laune,2019,2,27,02:00,43
Lahti Laune,2019,2,28,02:00,43
Lahti Laune,2019,3,1,02:00,43
Lahti Laune,2019,3,2,02:00,43
Lahti Laune,2019,3,3,02:00,43
Lahti Laune,2019,3,4,02:00,43
Lahti Laune,2019,3,5,02:00,43
Lahti Laune,2019,3,6,02:00,44
Lahti Laune,2019,3,7,02:00,44
Lahti Laune,2019,3,8,02:00,47
Lahti Laune,2019,3,9,02:00,44
Lahti Laune,2019,3,10,02:00,50
Lahti Laune,2019,3,11,02:00,49
Lahti Laune,2019,3,12,02:00,50
Lahti Laune,2019,3,13,02:00,50
Lahti Laune,2019,3,14,02:00,48
Lahti Laune,2019,3,15,02:00,51
Lahti Laune,2019,3,16,02:00,47
Lahti Laune,2019,3,17,02:00,46
Lahti Laune,2019,3,18,02:00,49
Lahti Laune,2019,3,19,02:00,45
Lahti Laune,2019,3,20,02:00,43
Lahti Laune,2019,3,21,02:00,43
Lahti Laune,2019,3,22,02:00,42
Lahti Laune,2019,3,23,02:00,41
Lahti Laune,2019,3,24,02:00,40
Lahti Laune,2019,3,25,02:00,40
Lahti Laune,2019,3,26,02:00,40
Lahti Laune,2019,3,27,02:00,40
Lahti Laune,2019,3,28,02:00,39
Lahti Laune,2019,3,29,02:00,39
Lahti Laune,2019,3,30,02:00,34
Lahti Laune,2019,3,31,02:00,33
Lahti Laune,2019,4,1,03:00,30
Lahti Laune,2019,4,2,03:00,29
Lahti Laune,2019,4,3,03:00,27
Lahti Laune,2019,4,4,03:00,25
Lahti Laune,2019,4,5,03:00,22
Lahti Laune,2019,4,6,03:00,21
Lahti Laune,2019,4,7,03:00,17
Lahti Laune,2019,4,8,03:00,15
Lahti Laune,2019,4,9,03:00,14
Lahti Laune,2019,4,10,03:00,13
Lahti Laune,2019,4,11,03:00,13
Lahti Laune,2019,4,12,03:00,13
Lahti Laune,2019,4,13,03:00,11
Lahti Laune,2019,4,14,03:00,9
Lahti Laune,2019,4,15,03:00,6
Lahti Laune,2019,4,16,03:00,-1
Lahti Laune,2019,4,17,03:00,-1
Lahti Laune,2019,4,18,03:00,-1
Lahti Laune,2019,4,19,03:00,-1
Lahti Laune,2019,4,20,03:00,-1
Lahti Laune,2019,4,21,03:00,-1
Lahti Laune,2019,4,22,03:00,-1
Lahti Laune,2019,4,23,03:00,-1
Lahti Laune,2019,4,24,03:00,-1
Lahti Laune,2019,4,25,03:00,-1
Lahti Laune,2019,4,26,03:00,-1
Lahti Laune,2019,4,27,03:00,-1
Lahti Laune,2019,4,28,03:00,-1
Lahti Laune,2019,4,29,03:00,-1
Lahti Laune,2019,4,30,03:00,-1
Lahti Laune,2019,5,1,03:00,-1
Lahti Laune,2019,5,2,03:00,-1
Lahti Laune,2019,5,3,03:00,-1
Lahti Laune,2019,5,4,03:00,-1
Lahti Laune,2019,5,5,03:00,-1
Lahti Laune,2019,5,6,03:00,-1
Lahti Laune,2019,5,7,03:00,-1
Lahti Laune,2019,5,8,03:00,-1
Lahti Laune,2019,5,9,03:00,-1
Lahti Laune,2019,5,10,03:00,-1
Lahti Laune,2019,5,11,03:00,-1
Lahti Laune,2019,5,12,03:00,-1
Lahti Laune,2019,5,13,03:00,-1
Lahti Laune,2019,5,14,03:00,-1
Lahti Sopenkorpi,2019,5,13,03:00,-1
Lahti Sopenkorpi,2019,5,14,03:00,-1
Lahti Sopenkorpi,2019,5,15,03:00,-1
Lahti Sopenkorpi,2019,5,16,03:00,-1
Lahti Sopenkorpi,2019,5,17,03:00,-1
Lahti Sopenkorpi,2019,5,18,03:00,-1
Lahti Sopenkorpi,2019,5,19,03:00,-1
Lahti Sopenkorpi,2019,5,20,03:00,-1
Lahti Sopenkorpi,2019,5,21,03:00,-1
Lahti Sopenkorpi,2019,5,22,03:00,-1
Lahti Sopenkorpi,2019,5,23,03:00,-1
Lahti Sopenkorpi,2019,5,24,03:00,-1
Lahti Sopenkorpi,2019,5,25,03:00,-1
Lahti Sopenkorpi,2019,5,26,03:00,-1
Lahti Sopenkorpi,2019,5,27,03:00,-1
Lahti Sopenkorpi,2019,5,28,03:00,-1
Lahti Sopenkorpi,2019,5,29,03:00,-1
Lahti Sopenkorpi,2019,5,30,03:00,-1
Lahti Sopenkorpi,2019,5,31,03:00,-1
Lahti Sopenkorpi,2019,6,1,03:00,-1
Lahti Sopenkorpi,2019,6,2,03:00,-1
Lahti Sopenkorpi,2019,6,3,03:00,-1
Lahti Sopenkorpi,2019,6,4,03:00,-1
Lahti Sopenkorpi,2019,6,5,03:00,-1
Lahti Sopenkorpi,2019,6,6,03:00,-1
Lahti Sopenkorpi,2019,6,7,03:00,-1
Lahti Sopenkorpi,2019,6,8,03:00,-1
Lahti Sopenkorpi,2019,6,9,03:00,-1
Lahti Sopenkorpi,2019,6,10,03:00,-1
Lahti Sopenkorpi,2019,6,11,03:00,-1
Lahti Sopenkorpi,2019,6,12,03:00,-1
Lahti Sopenkorpi,2019,6,13,03:00,-1
Lahti Sopenkorpi,2019,6,14,03:00,-1
Lahti Sopenkorpi,2019,6,15,03:00,-1
Lahti Sopenkorpi,2019,6,16,03:00,-1
Lahti Sopenkorpi,2019,6,17,03:00,-1
Lahti Sopenkorpi,2019,6,18,03:00,-1
Lahti Sopenkorpi,2019,6,19,03:00,-1
Lahti Sopenkorpi,2019,6,20,03:00,-1
Lahti Sopenkorpi,2019,6,21,03:00,-1
Lahti Sopenkorpi,2019,6,22,03:00,-1
Lahti Sopenkorpi,2019,6,23,03:00,-1
Lahti Sopenkorpi,2019,6,24,03:00,-1
Lahti Sopenkorpi,2019,6,25,03:00,-1
Lahti Sopenkorpi,2019,6,26,03:00,-1
Lahti Sopenkorpi,2019,6,27,03:00,-1
Lahti Sopenkorpi,2019,6,28,03:00,-1
Lahti Sopenkorpi,2019,6,29,03:00,-1
Lahti Sopenkorpi,2019,6,30,03:00,-1
Lahti Sopenkorpi,2019,7,1,03:00,-1
Lahti Sopenkorpi,2019,7,2,03:00,-1
Lahti Sopenkorpi,2019,7,3,03:00,-1
Lahti Sopenkorpi,2019,7,4,03:00,-1
Lahti Sopenkorpi,2019,7,5,03:00,-1
Lahti Sopenkorpi,2019,7,6,03:00,-1
Lahti Sopenkorpi,2019,7,7,03:00,-1
Lahti Sopenkorpi,2019,7,8,03:00,-1
Lahti Sopenkorpi,2019,7,9,03:00,-1
Lahti Sopenkorpi,2019,7,10,03:00,-1
Lahti Sopenkorpi,2019,7,11,03:00,-1
Lahti Sopenkorpi,2019,7,12,03:00,-1
Lahti Sopenkorpi,2019,7,13,03:00,-1
Lahti Sopenkorpi,2019,7,14,03:00,-1
Lahti Sopenkorpi,2019,7,15,03:00,-1
Lahti Sopenkorpi,2019,7,16,03:00,-1
Lahti Sopenkorpi,2019,7,17,03:00,-1
Lahti Sopenkorpi,2019,7,18,03:00,-1
Lahti Sopenkorpi,2019,7,19,03:00,-1
Lahti Sopenkorpi,2019,7,20,03:00,-1
Lahti Sopenkorpi,2019,7,21,03:00,-1
Lahti Sopenkorpi,2019,7,22,03:00,-1
Lahti Sopenkorpi,2019,7,23,03:00,-1
Lahti Sopenkorpi,2019,7,24,03:00,-1
Lahti Sopenkorpi,2019,7,25,03:00,-1
Lahti Sopenkorpi,2019,7,26,03:00,-1
Lahti Sopenkorpi,2019,7,27,03:00,-1
Lahti Sopenkorpi,2019,7,28,03:00,-1
Lahti Sopenkorpi,2019,7,29,03:00,-1
Lahti Sopenkorpi,2019,7,30,03:00,-1
Lahti Sopenkorpi,2019,7,31,03:00,-1
Lahti Sopenkorpi,2019,8,1,03:00,-1
Lahti Sopenkorpi,2019,8,2,03:00,-1
Lahti Sopenkorpi,2019,8,3,03:00,-1
Lahti Sopenkorpi,2019,8,4,03:00,-1
Lahti Sopenkorpi,2019,8,5,03:00,-1
Lahti Sopenkorpi,2019,8,6,03:00,-1
Lahti Sopenkorpi,2019,8,7,03:00,-1
Lahti Sopenkorpi,2019,8,8,03:00,-1
Lahti Sopenkorpi,2019,8,9,03:00,-1
Lahti Sopenkorpi,2019,8,10,03:00,-1
Lahti Sopenkorpi,2019,8,11,03:00,-1
Lahti Sopenkorpi,2019,8,12,03:00,-1
Lahti Sopenkorpi,2019,8,13,03:00,-1
Lahti Sopenkorpi,2019,8,14,03:00,-1
Lahti Sopenkorpi,2019,8,15,03:00,-1
Lahti Sopenkorpi,2019,8,16,03:00,-1
Lahti Sopenkorpi,2019,8,17,03:00,-1
Lahti Sopenkorpi,2019,8,18,03:00,-1
Lahti Sopenkorpi,2019,8,19,03:00,-1
Lahti Sopenkorpi,2019,8,20,03:00,-1
Lahti Sopenkorpi,2019,8,21,03:00,-1
Lahti Sopenkorpi,2019,8,22,03:00,-1
Lahti Sopenkorpi,2019,8,23,03:00,-1
Lahti Sopenkorpi,2019,8,24,03:00,-1
Lahti Sopenkorpi,2019,8,25,03:00,-1
Lahti Sopenkorpi,2019,8,26,03:00,-1
Lahti Sopenkorpi,2019,8,27,03:00,-1
Lahti Sopenkorpi,2019,8,28,03:00,-1
Lahti Sopenkorpi,2019,8,29,03:00,-1
Lahti Sopenkorpi,2019,8,30,03:00,-1
Lahti Sopenkorpi,2019,8,31,03:00,-1
Lahti Sopenkorpi,2019,9,1,03:00,-1
Lahti Sopenkorpi,2019,9,2,03:00,-1
Lahti Sopenkorpi,2019,9,3,03:00,-1
Lahti Sopenkorpi,2019,9,4,03:00,-1
Lahti Sopenkorpi,2019,9,5,03:00,-1
Lahti Sopenkorpi,2019,9,6,03:00,-1
Lahti Sopenkorpi,2019,9,7,03:00,-1
Lahti Sopenkorpi,2019,9,8,03:00,-1
Lahti Sopenkorpi,2019,9,9,03:00,-1
Lahti Sopenkorpi,2019,9,10,03:00,-1
Lahti Sopenkorpi,2019,9,11,03:00,-1
Lahti Sopenkorpi,2019,9,12,03:00,-1
Lahti Sopenkorpi,2019,9,13,03:00,-1
Lahti Sopenkorpi,2019,9,14,03:00,-1
Lahti Sopenkorpi,2019,9,15,03:00,-1
Lahti Sopenkorpi,2019,9,16,03:00,-1
Lahti Sopenkorpi,2019,9,17,03:00,-1
Lahti Sopenkorpi,2019,9,18,03:00,-1
Lahti Sopenkorpi,2019,9,19,03:00,-1
Lahti Sopenkorpi,2019,9,20,03:00,-1
Lahti Sopenkorpi,2019,9,21,03:00,-1
Lahti Sopenkorpi,2019,9,22,03:00,-1
Lahti Sopenkorpi,2019,9,23,03:00,-1
Lahti Sopenkorpi,2019,9,24,03:00,-1
Lahti Sopenkorpi,2019,9,25,03:00,-1
Lahti Sopenkorpi,2019,9,26,03:00,-1
Lahti Sopenkorpi,2019,9,27,03:00,-1
Lahti Sopenkorpi,2019,9,28,03:00,-1
Lahti Sopenkorpi,2019,9,29,03:00,-1
Lahti Sopenkorpi,2019,9,30,03:00,-1
Lahti Sopenkorpi,2019,10,1,03:00,-1
Lahti Sopenkorpi,2019,10,2,03:00,-1
Lahti Sopenkorpi,2019,10,3,03:00,-1
Lahti Sopenkorpi,2019,10,4,03:00,-1
Lahti Sopenkorpi,2019,10,5,03:00,-1
Lahti Sopenkorpi,2019,10,6,03:00,-1
Lahti Sopenkorpi,2019,10,7,03:00,-1
Lahti Sopenkorpi,2019,10,8,03:00,-1
Lahti Sopenkorpi,2019,10,9,03:00,-1
Lahti Sopenkorpi,2019,10,10,03:00,-1
Lahti Sopenkorpi,2019,10,11,03:00,-1
Lahti Sopenkorpi,2019,10,12,03:00,-1
Lahti Sopenkorpi,2019,10,13,03:00,-1
Lahti Sopenkorpi,2019,10,14,03:00,-1
Lahti Sopenkorpi,2019,10,15,03:00,-1
Lahti Sopenkorpi,2019,10,16,03:00,-1
Lahti Sopenkorpi,2019,10,17,03:00,-1
Lahti Sopenkorpi,2019,10,18,03:00,-1
Lahti Sopenkorpi,2019,10,19,03:00,-1
Lahti Sopenkorpi,2019,10,20,03:00,-1
Lahti Sopenkorpi,2019,10,21,03:00,-1
Lahti Sopenkorpi,2019,10,22,03:00,-1
Lahti Sopenkorpi,2019,10,23,03:00,-1
Lahti Sopenkorpi,2019,10,24,03:00,-1
Lahti Sopenkorpi,2019,10,25,03:00,-1
Lahti Sopenkorpi,2019,10,26,03:00,-1
Lahti Sopenkorpi,2019,10,27,03:00,-1
Lahti Sopenkorpi,2019,10,28,02:00,-1
Lahti Sopenkorpi,2019,10,29,02:00,-1
Lahti Sopenkorpi,2019,10,30,02:00,-1
Lahti Sopenkorpi,2019,10,31,02:00,2
Lahti Sopenkorpi,2019,11,1,02:00,-1
Lahti Sopenkorpi,2019,11,2,02:00,-1
Lahti Sopenkorpi,2019,11,3,02:00,-1
Lahti Sopenkorpi,2019,11,4,02:00,-1
Lahti Sopenkorpi,2019,11,5,02:00,-1
Lahti Sopenkorpi,2019,11,6,02:00,-1
Lahti Sopenkorpi,2019,11,7,02:00,-1
Lahti Sopenkorpi,2019,11,8,02:00,-1
Lahti Sopenkorpi,2019,11,9,02:00,-1
Lahti Sopenkorpi,2019,11,10,02:00,-1
Lahti Sopenkorpi,2019,11,11,02:00,-1
Lahti Sopenkorpi,2019,11,12,02:00,-1
Lahti Sopenkorpi,2019,11,13,02:00,-1
Lahti Sopenkorpi,2019,11,14,02:00,-1
Lahti Sopenkorpi,2019,11,15,02:00,-1
Lahti Sopenkorpi,2019,11,16,02:00,-1
Lahti Sopenkorpi,2019,11,17,02:00,-1
Lahti Sopenkorpi,2019,11,18,02:00,-1
Lahti Sopenkorpi,2019,11,19,02:00,-1
Lahti Sopenkorpi,2019,11,20,02:00,-1
Lahti Sopenkorpi,2019,11,21,02:00,-1
Lahti Sopenkorpi,2019,11,22,02:00,-1
Lahti Sopenkorpi,2019,11,23,02:00,-1
Lahti Sopenkorpi,2019,11,24,02:00,-1
Lahti Sopenkorpi,2019,11,25,02:00,-1
Lahti Sopenkorpi,2019,11,26,02:00,-1
Lahti Sopenkorpi,2019,11,27,02:00,2
Lahti Sopenkorpi,2019,11,28,02:00,3
Lahti Sopenkorpi,2019,11,29,02:00,-1
Lahti Sopenkorpi,2019,11,30,02:00,5
Lahti Sopenkorpi,2019,12,1,02:00,4
Lahti Sopenkorpi,2019,12,2,02:00,5
Lahti Sopenkorpi,2019,12,3,02:00,5
Lahti Sopenkorpi,2019,12,4,02:00,4
Lahti Sopenkorpi,2019,12,5,02:00,-1
Lahti Sopenkorpi,2019,12,6,02:00,-1
Lahti Sopenkorpi,2019,12,7,02:00,-1
Lahti Sopenkorpi,2019,12,8,02:00,-1
Lahti Sopenkorpi,2019,12,9,02:00,-1
Lahti Sopenkorpi,2019,12,10,02:00,-1
Lahti Sopenkorpi,2019,12,11,02:00,-1
Lahti Sopenkorpi,2019,12,12,02:00,-1
Lahti Sopenkorpi,2019,12,13,02:00,-1
Lahti Sopenkorpi,2019,12,14,02:00,2
Lahti Sopenkorpi,2019,12,15,02:00,-1
Lahti Sopenkorpi,2019,12,16,02:00,-1
Lahti Sopenkorpi,2019,12,17,02:00,-1
Lahti Sopenkorpi,2019,12,18,02:00,-1
Lahti Sopenkorpi,2019,12,19,02:00,5
Lahti Sopenkorpi,2019,12,20,02:00,5
Lahti Sopenkorpi,2019,12,21,02:00,3
Lahti Sopenkorpi,2019,12,22,02:00,-1
Lahti Sopenkorpi,2019,12,23,02:00,-1
Lahti Sopenkorpi,2019,12,24,02:00,-1
Lahti Sopenkorpi,2019,12,25,02:00,-1
Lahti Sopenkorpi,2019,12,26,02:00,-1
Lahti Sopenkorpi,2019,12,27,02:00,-1
Lahti Sopenkorpi,2019,12,28,02:00,2
Lahti Sopenkorpi,2019,12,29,02:00,2
Lahti Sopenkorpi,2019,12,30,02:00,-1
Lahti Sopenkorpi,2019,12,31,02:00,-1
Lahti Sopenkorpi,2020,1,1,02:00,-1
Lahti Sopenkorpi,2020,1,2,02:00,-1
Lahti Sopenkorpi,2020,1,3,02:00,-1
Lahti Sopenkorpi,2020,1,4,02:00,-1
Lahti Sopenkorpi,2020,1,5,02:00,-1
Lahti Sopenkorpi,2020,1,6,02:00,6
Lahti Sopenkorpi,2020,1,7,02:00,3
Lahti Sopenkorpi,2020,1,8,02:00,-1
Lahti Sopenkorpi,2020,1,9,02:00,-1
Lahti Sopenkorpi,2020,1,10,02:00,-1
Lahti Sopenkorpi,2020,1,11,02:00,-1
Lahti Sopenkorpi,2020,1,12,02:00,-1
Lahti Sopenkorpi,2020,1,13,02:00,-1
Lahti Sopenkorpi,2020,1,14,02:00,-1
Lahti Sopenkorpi,2020,1,15,02:00,-1
Lahti Sopenkorpi,2020,1,16,02:00,-1
Lahti Sopenkorpi,2020,1,17,02:00,-1
Lahti Sopenkorpi,2020,1,18,02:00,-1
Lahti Sopenkorpi,2020,1,19,02:00,-1
Lahti Sopenkorpi,2020,1,20,02:00,-1
Lahti Sopenkorpi,2020,1,21,02:00,-1
Lahti Sopenkorpi,2020,1,22,02:00,-1
Lahti Sopenkorpi,2020,1,23,02:00,-1
Lahti Sopenkorpi,2020,1,24,02:00,-1
Lahti Sopenkorpi,2020,1,25,02:00,-1
Lahti Sopenkorpi,2020,1,26,02:00,3
Lahti Sopenkorpi,2020,1,27,02:00,-1
Lahti Sopenkorpi,2020,1,28,02:00,6
Lahti Sopenkorpi,2020,1,29,02:00,3
Lahti Sopenkorpi,2020,1,30,02:00,4
Lahti Sopenkorpi,2020,1,31,02:00,6
Lahti Sopenkorpi,2020,2,1,02:00,5
Lahti Sopenkorpi,2020,2,2,02:00,8
Lahti Sopenkorpi,2020,2,3,02:00,6
Lahti Sopenkorpi,2020,2,4,02:00,6
Lahti Sopenkorpi,2020,2,5,02:00,7
Lahti Sopenkorpi,2020,2,6,02:00,9
Lahti Sopenkorpi,2020,2,7,02:00,9
Lahti Sopenkorpi,2020,2,8,02:00,10
Lahti Sopenkorpi,2020,2,9,02:00,9
Lahti Sopenkorpi,2020,2,10,02:00,4
Lahti Sopenkorpi,2020,2,11,02:00,-1
Lahti Sopenkorpi,2020,2,12,02:00,-1
Lahti Sopenkorpi,2020,2,13,02:00,2
Lahti Sopenkorpi,2020,2,14,02:00,-1
Lahti Sopenkorpi,2020,2,15,02:00,-1
Lahti Sopenkorpi,2020,2,16,02:00,-1
Lahti Sopenkorpi,2020,2,17,02:00,-1
Lahti Sopenkorpi,2020,2,18,02:00,-1
Lahti Sopenkorpi,2020,2,19,02:00,-1
Lahti Sopenkorpi,2020,2,20,02:00,-1
Lahti Sopenkorpi,2020,2,21,02:00,-1
Lahti Sopenkorpi,2020,2,22,02:00,-1
Lahti Sopenkorpi,2020,2,23,02:00,-1
Lahti Sopenkorpi,2020,2,24,02:00,-1
Lahti Sopenkorpi,2020,2,25,02:00,-1
Lahti Sopenkorpi,2020,2,26,02:00,-1
Lahti Sopenkorpi,2020,2,27,02:00,-1
Lahti Sopenkorpi,2020,2,28,02:00,-1
Lahti Sopenkorpi,2020,2,29,02:00,-1
Lahti Sopenkorpi,2020,3,1,02:00,-1
Lahti Sopenkorpi,2020,3,2,02:00,2
Lahti Sopenkorpi,2020,3,3,02:00,-1
Lahti Sopenkorpi,2020,3,4,02:00,-1
Lahti Sopenkorpi,2020,3,5,02:00,2
Lahti Sopenkorpi,2020,3,6,02:00,-1
Lahti Sopenkorpi,2020,3,7,02:00,-1
Lahti Sopenkorpi,2020,3,8,02:00,-1
Lahti Sopenkorpi,2020,3,9,02:00,-1
Lahti Sopenkorpi,2020,3,10,02:00,-1
Lahti Sopenkorpi,2020,3,11,02:00,-1
Lahti Sopenkorpi,2020,3,12,02:00,-1
Lahti Sopenkorpi,2020,3,13,02:00,-1
Lahti Sopenkorpi,2020,3,14,02:00,-1
Lahti Sopenkorpi,2020,3,15,02:00,-1
Lahti Sopenkorpi,2020,3,16,02:00,-1
Lahti Sopenkorpi,2020,3,17,02:00,-1
Lahti Sopenkorpi,2020,3,18,02:00,-1
Lahti Sopenkorpi,2020,3,19,02:00,-1
Lahti Sopenkorpi,2020,3,20,02:00,-1
Lahti Sopenkorpi,2020,3,21,02:00,-1
Lahti Sopenkorpi,2020,3,22,02:00,-1
Lahti Sopenkorpi,2020,3,23,02:00,-1
Lahti Sopenkorpi,2020,3,24,02:00,-1
Lahti Sopenkorpi,2020,3,25,02:00,-1
Lahti Sopenkorpi,2020,3,26,02:00,-1
Lahti Sopenkorpi,2020,3,27,02:00,-1
Lahti Sopenkorpi,2020,3,28,02:00,-1
Lahti Sopenkorpi,2020,3,29,02:00,-1
Lahti Sopenkorpi,2020,3,30,03:00,-1
Lahti Sopenkorpi,2020,3,31,03:00,-1
Lahti Sopenkorpi,2020,4,1,03:00,-1
Lahti Sopenkorpi,2020,4,2,03:00,2
Lahti Sopenkorpi,2020,4,3,03:00,-1
Lahti Sopenkorpi,2020,4,4,03:00,-1
Lahti Sopenkorpi,2020,4,5,03:00,-1
Lahti Sopenkorpi,2020,4,6,03:00,-1
Lahti Sopenkorpi,2020,4,7,03:00,-1
Lahti Sopenkorpi,2020,4,8,03:00,-1
Lahti Sopenkorpi,2020,4,9,03:00,-1
Lahti Sopenkorpi,2020,4,10,03:00,-1
Lahti Sopenkorpi,2020,4,11,03:00,-1
Lahti Sopenkorpi,2020,4,12,03:00,-1
Lahti Sopenkorpi,2020,4,13,03:00,-1
Lahti Sopenkorpi,2020,4,14,03:00,-1
Lahti Sopenkorpi,2020,4,15,03:00,-1
Lahti Sopenkorpi,2020,4,16,03:00,-1
Lahti Sopenkorpi,2020,4,17,03:00,-1
Lahti Sopenkorpi,2020,4,18,03:00,-1
Lahti Sopenkorpi,2020,4,19,03:00,-1
Lahti Sopenkorpi,2020,4,20,03:00,-1
Lahti Sopenkorpi,2020,4,21,03:00,-1
Lahti Sopenkorpi,2020,4,22,03:00,-1
Lahti Sopenkorpi,2020,4,23,03:00,-1
Lahti Sopenkorpi,2020,4,24,03:00,-1
Lahti Sopenkorpi,2020,4,25,03:00,-1
Lahti Sopenkorpi,2020,4,26,03:00,-1
Lahti Sopenkorpi,2020,4,27,03:00,-1
Lahti Sopenkorpi,2020,4,28,03:00,-1
Lahti Sopenkorpi,2020,4,29,03:00,-1
Lahti Sopenkorpi,2020,4,30,03:00,-1
Lahti Sopenkorpi,2020,5,1,03:00,-1
Lahti Sopenkorpi,2020,5,2,03:00,-1
Lahti Sopenkorpi,2020,5,3,03:00,-1
Lahti Sopenkorpi,2020,5,4,03:00,-1
Lahti Sopenkorpi,2020,5,5,03:00,-1
Lahti Sopenkorpi,2020,5,6,03:00,-1
Lahti Sopenkorpi,2020,5,7,03:00,-1
Lahti Sopenkorpi,2020,5,8,03:00,-1
Lahti Sopenkorpi,2020,5,9,03:00,-1
Lahti Sopenkorpi,2020,5,10,03:00,-1
Lahti Sopenkorpi,2020,5,11,03:00,-1
Lahti Sopenkorpi,2020,5,12,03:00,4
Lahti Sopenkorpi,2020,5,13,03:00,-1
Lahti Sopenkorpi,2020,5,14,03:00,-1
Lahti Sopenkorpi,2020,5,15,03:00,-1
Lahti Sopenkorpi,2020,5,16,03:00,-1
Lahti Sopenkorpi,2020,5,17,03:00,-1
Lahti Sopenkorpi,2020,5,18,03:00,-1
Lahti Sopenkorpi,2020,5,19,03:00,-1
Lahti Sopenkorpi,2020,5,20,03:00,-1
Lahti Sopenkorpi,2020,5,21,03:00,-1
Lahti Sopenkorpi,2020,5,22,03:00,-1
Lahti Sopenkorpi,2020,5,23,03:00,-1
Lahti Sopenkorpi,2020,5,24,03:00,-1
Lahti Sopenkorpi,2020,5,25,03:00,-1
Lahti Sopenkorpi,2020,5,26,03:00,-1
Lahti Sopenkorpi,2020,5,27,03:00,-
Lahti Sopenkorpi,2020,5,29,03:00,-1
Lahti Sopenkorpi,2020,5,30,03:00,-1
Lahti Sopenkorpi,2020,5,31,03:00,-1
Lahti Sopenkorpi,2020,6,1,03:00,-1
Lahti Sopenkorpi,2020,6,2,03:00,-1
Lahti Sopenkorpi,2020,6,3,03:00,-1
Lahti Sopenkorpi,2020,6,4,03:00,-1
Lahti Sopenkorpi,2020,6,5,03:00,-1
Lahti Sopenkorpi,2020,6,6,03:00,-1
Lahti Sopenkorpi,2020,6,7,03:00,-1
Lahti Sopenkorpi,2020,6,8,03:00,-1
Lahti Sopenkorpi,2020,6,9,03:00,-1
Lahti Sopenkorpi,2020,6,10,03:00,-1
Lahti Sopenkorpi,2020,6,11,03:00,-1
Lahti Sopenkorpi,2020,6,12,03:00,-1
Lahti Sopenkorpi,2020,6,13,03:00,-1
Lahti Sopenkorpi,2020,6,14,03:00,-1
Lahti Sopenkorpi,2020,6,15,03:00,-1
Lahti Sopenkorpi,2020,6,16,03:00,-1
Lahti Sopenkorpi,2020,6,17,03:00,-1
Lahti Sopenkorpi,2020,6,18,03:00,-1
Lahti Sopenkorpi,2020,6,19,03:00,-1
Lahti Sopenkorpi,2020,6,20,03:00,-1
Lahti Sopenkorpi,2020,6,21,03:00,-1
Lahti Sopenkorpi,2020,6,22,03:00,-1
Lahti Sopenkorpi,2020,6,23,03:00,-1
Lahti Sopenkorpi,2020,6,24,03:00,-1
Lahti Sopenkorpi,2020,6,25,03:00,-1
Lahti Sopenkorpi,2020,6,26,03:00,-1
Lahti Sopenkorpi,2020,6,27,03:00,-1
Lahti Sopenkorpi,2020,6,28,03:00,-1
Lahti Sopenkorpi,2020,6,29,03:00,-1
Lahti Sopenkorpi,2020,6,30,03:00,-1
Lahti Sopenkorpi,2020,7,1,03:00,-1
Lahti Sopenkorpi,2020,7,2,03:00,-1
Lahti Sopenkorpi,2020,7,3,03:00,-1
Lahti Sopenkorpi,2020,7,4,03:00,-1
Lahti Sopenkorpi,2020,7,5,03:00,-1
Lahti Sopenkorpi,2020,7,6,03:00,-1
Lahti Sopenkorpi,2020,7,7,03:00,-1
Lahti Sopenkorpi,2020,7,8,03:00,-1
Lahti Sopenkorpi,2020,7,9,03:00,-1
Lahti Sopenkorpi,2020,7,10,03:00,-1
Lahti Sopenkorpi,2020,7,11,03:00,-1
Lahti Sopenkorpi,2020,7,12,03:00,-1
Lahti Sopenkorpi,2020,7,13,03:00,-1
Lahti Sopenkorpi,2020,7,14,03:00,-1
Lahti Sopenkorpi,2020,7,15,03:00,-1
Lahti Sopenkorpi,2020,7,16,03:00,-1
Lahti Sopenkorpi,2020,7,17,03:00,-1
Lahti Sopenkorpi,2020,7,18,03:00,-1
Lahti Sopenkorpi,2020,7,19,03:00,-1
Lahti Sopenkorpi,2020,7,20,03:00,-1
Lahti Sopenkorpi,2020,7,21,03:00,-1
Lahti Sopenkorpi,2020,7,22,03:00,-1
Lahti Sopenkorpi,2020,7,23,03:00,-1
Lahti Sopenkorpi,2020,7,24,03:00,-1
Lahti Sopenkorpi,2020,7,25,03:00,-1
Lahti Sopenkorpi,2020,7,26,03:00,-1
Lahti Sopenkorpi,2020,7,27,03:00,-1
Lahti Sopenkorpi,2020,7,28,03:00,-1
Lahti Sopenkorpi,2020,7,29,03:00,-1
Lahti Sopenkorpi,2020,7,30,03:00,-1
Lahti Sopenkorpi,2020,7,31,03:00,-1
Lahti Sopenkorpi,2020,8,1,03:00,-1
Lahti Sopenkorpi,2020,8,2,03:00,-1
Lahti Sopenkorpi,2020,8,3,03:00,-1
Lahti Sopenkorpi,2020,8,4,03:00,-1
Lahti Sopenkorpi,2020,8,5,03:00,-1
Lahti Sopenkorpi,2020,8,6,03:00,-1
Lahti Sopenkorpi,2020,8,7,03:00,-1
Lahti Sopenkorpi,2020,8,8,03:00,-1
Lahti Sopenkorpi,2020,8,9,03:00,-1
Lahti Sopenkorpi,2020,8,10,03:00,-1
Lahti Sopenkorpi,2020,8,11,03:00,-1
Lahti Sopenkorpi,2020,8,12,03:00,-1
Lahti Sopenkorpi,2020,8,13,03:00,-1
Lahti Sopenkorpi,2020,8,14,03:00,-1
Lahti Sopenkorpi,2020,8,15,03:00,-1
Lahti Sopenkorpi,2020,8,16,03:00,-1
Lahti Sopenkorpi,2020,8,17,03:00,-1
Lahti Sopenkorpi,2020,8,18,03:00,-1
Lahti Sopenkorpi,2020,8,19,03:00,-1
Lahti Sopenkorpi,2020,8,20,03:00,-1
Lahti Sopenkorpi,2020,8,21,03:00,-1
Lahti Sopenkorpi,2020,8,22,03:00,-1
Lahti Sopenkorpi,2020,8,23,03:00,-1
Lahti Sopenkorpi,2020,8,24,03:00,-1
Lahti Sopenkorpi,2020,8,25,03:00,-1
Lahti Sopenkorpi,2020,8,26,03:00,-1
Lahti Sopenkorpi,2020,8,27,03:00,-1
Lahti Sopenkorpi,2020,8,28,03:00,-1
Lahti Sopenkorpi,2020,8,29,03:00,-1
Lahti Sopenkorpi,2020,8,30,03:00,-1
Lahti Sopenkorpi,2020,8,31,03:00,-1
Lahti Sopenkorpi,2020,9,1,03:00,-1
Lahti Sopenkorpi,2020,9,2,03:00,-1
Lahti Sopenkorpi,2020,9,3,03:00,-1
Lahti Sopenkorpi,2020,9,4,03:00,-1
Lahti Sopenkorpi,2020,9,5,03:00,-1
Lahti Sopenkorpi,2020,9,6,03:00,-1
Lahti Sopenkorpi,2020,9,7,03:00,-1
Lahti Sopenkorpi,2020,9,8,03:00,-1
Lahti Sopenkorpi,2020,9,9,03:00,-1
Lahti Sopenkorpi,2020,9,10,03:00,-1
Lahti Sopenkorpi,2020,9,11,03:00,-1
Lahti Sopenkorpi,2020,9,12,03:00,-1
Lahti Sopenkorpi,2020,9,13,03:00,-1
Lahti Sopenkorpi,2020,9,14,03:00,-1
Lahti Sopenkorpi,2020,9,15,03:00,-1
Lahti Sopenkorpi,2020,9,16,03:00,-1
Lahti Sopenkorpi,2020,9,17,03:00,-1
Lahti Sopenkorpi,2020,9,18,03:00,-1
Lahti Sopenkorpi,2020,9,19,03:00,-1
Lahti Sopenkorpi,2020,9,20,03:00,-1
Lahti Sopenkorpi,2020,9,21,03:00,-1
Lahti Sopenkorpi,2020,9,22,03:00,-1
Lahti Sopenkorpi,2020,9,23,03:00,-1
Lahti Sopenkorpi,2020,9,24,03:00,-1
Lahti Sopenkorpi,2020,9,25,03:00,-1
Lahti Sopenkorpi,2020,9,26,03:00,-1
Lahti Sopenkorpi,2020,9,27,03:00,-1
Lahti Sopenkorpi,2020,9,28,03:00,-1
Lahti Sopenkorpi,2020,9,29,03:00,-1
Lahti Sopenkorpi,2020,9,30,03:00,-1
Lahti Sopenkorpi,2020,10,1,03:00,-1
Lahti Sopenkorpi,2020,10,2,03:00,-1
Lahti Sopenkorpi,2020,10,3,03:00,-1
Lahti Sopenkorpi,2020,10,4,03:00,-1
Lahti Sopenkorpi,2020,10,5,03:00,-1
Lahti Sopenkorpi,2020,10,6,03:00,-1
Lahti Sopenkorpi,2020,10,7,03:00,-1
Lahti Sopenkorpi,2020,10,8,03:00,-1
Lahti Sopenkorpi,2020,10,9,03:00,-1
Lahti Sopenkorpi,2020,10,10,03:00,-1
Lahti Sopenkorpi,2020,10,11,03:00,-1
Lahti Sopenkorpi,2020,10,12,03:00,-1
Lahti Sopenkorpi,2020,10,13,03:00,-1
Lahti Sopenkorpi,2020,10,14,03:00,-1
Lahti Sopenkorpi,2020,10,15,03:00,-1
Lahti Sopenkorpi,2020,10,16,03:00,-1
Lahti Sopenkorpi,2020,10,17,03:00,-1
Lahti Sopenkorpi,2020,10,18,03:00,-1
Lahti Sopenkorpi,2020,10,19,03:00,-1
Lahti Sopenkorpi,2020,10,20,03:00,-1
Lahti Sopenkorpi,2020,10,21,03:00,-1
Lahti Sopenkorpi,2020,10,22,03:00,-1
Lahti Sopenkorpi,2020,10,23,03:00,-1
Lahti Sopenkorpi,2020,10,24,03:00,-1
Lahti Sopenkorpi,2020,10,25,03:00,-1
Lahti Sopenkorpi,2020,10,26,02:00,-1
Lahti Sopenkorpi,2020,10,27,02:00,-1
Lahti Sopenkorpi,2020,10,28,02:00,-1
Lahti Sopenkorpi,2020,10,29,02:00,-1
Lahti Sopenkorpi,2020,10,30,02:00,-1
Lahti Sopenkorpi,2020,10,31,02:00,-1
Lahti Sopenkorpi,2020,11,1,02:00,-1
Lahti Sopenkorpi,2020,11,2,02:00,-1
Lahti Sopenkorpi,2020,11,3,02:00,-1
Lahti Sopenkorpi,2020,11,4,02:00,-1
Lahti Sopenkorpi,2020,11,5,02:00,-1
Lahti Sopenkorpi,2020,11,6,02:00,-1
Lahti Sopenkorpi,2020,11,7,02:00,-1
Lahti Sopenkorpi,2020,11,8,02:00,-1
Lahti Sopenkorpi,2020,11,9,02:00,-1
Lahti Sopenkorpi,2020,11,10,02:00,-1
Lahti Sopenkorpi,2020,11,11,02:00,-1
Lahti Sopenkorpi,2020,11,12,02:00,-1
Lahti Sopenkorpi,2020,11,13,02:00,-1
Lahti Sopenkorpi,2020,11,14,02:00,-1
Lahti Sopenkorpi,2020,11,15,02:00,-1
Lahti Sopenkorpi,2020,11,16,02:00,-1
Lahti Sopenkorpi,2020,11,17,02:00,-1
Lahti Sopenkorpi,2020,11,18,02:00,-1
Lahti Sopenkorpi,2020,11,19,02:00,-1
Lahti Sopenkorpi,2020,11,20,02:00,-1
Lahti Sopenkorpi,2020,11,21,02:00,-1
Lahti Sopenkorpi,2020,11,22,02:00,-1
Lahti Sopenkorpi,2020,11,23,02:00,-1
Lahti Sopenkorpi,2020,11,24,02:00,-1
Lahti Sopenkorpi,2020,11,25,02:00,-1
Lahti Sopenkorpi,2020,11,26,02:00,-1
Lahti Sopenkorpi,2020,11,27,02:00,-1
Lahti Sopenkorpi,2020,11,28,02:00,-1
Lahti Sopenkorpi,2020,11,29,02:00,-1
Lahti Sopenkorpi,2020,11,30,02:00,-1
Lahti Sopenkorpi,2020,12,1,02:00,3
Lahti Sopenkorpi,2020,12,2,02:00,-1
Lahti Sopenkorpi,2020,12,3,02:00,-1
Lahti Sopenkorpi,2020,12,4,02:00,-1
Lahti Sopenkorpi,2020,12,5,02:00,-1
Lahti Sopenkorpi,2020,12,6,02:00,-1
Lahti Sopenkorpi,2020,12,7,02:00,-1
Lahti Sopenkorpi,2020,12,8,02:00,-1
Lahti Sopenkorpi,2020,12,9,02:00,-1
Lahti Sopenkorpi,2020,12,10,02:00,-1
Lahti Sopenkorpi,2020,12,11,02:00,-1
Lahti Sopenkorpi,2020,12,12,02:00,-1
Lahti Sopenkorpi,2020,12,13,02:00,-1
Lahti Sopenkorpi,2020,12,14,02:00,-1
Lahti Sopenkorpi,2020,12,15,02:00,3
Lahti Sopenkorpi,2020,12,16,02:00,2
Lahti Sopenkorpi,2020,12,17,02:00,5
Lahti Sopenkorpi,2020,12,18,02:00,5
Lahti Sopenkorpi,2020,12,19,02:00,7
Lahti Sopenkorpi,2020,12,20,02:00,3
Lahti Sopenkorpi,2020,12,21,02:00,-1
Lahti Sopenkorpi,2020,12,22,02:00,-1
Lahti Sopenkorpi,2020,12,23,02:00,-1
Lahti Sopenkorpi,2020,12,24,02:00,4
Lahti Sopenkorpi,2020,12,25,02:00,3
Lahti Sopenkorpi,2020,12,26,02:00,3
Lahti Sopenkorpi,2020,12,27,02:00,3
Lahti Sopenkorpi,2020,12,28,02:00,3
Lahti Sopenkorpi,2020,12,29,02:00,6
Lahti Sopenkorpi,2020,12,30,02:00,7
Lahti Sopenkorpi,2020,12,31,02:00,5
Lahti Sopenkorpi,2021,1,1,02:00,8
Lahti Sopenkorpi,2021,1,2,02:00,7
Lahti Sopenkorpi,2021,1,3,02:00,20
Lahti Sopenkorpi,2021,1,4,02:00,20
Lahti Sopenkorpi,2021,1,5,02:00,18
Lahti Sopenkorpi,2021,1,6,02:00,17
Lahti Sopenkorpi,2021,1,7,02:00,16
Lahti Sopenkorpi,2021,1,8,02:00,15
Lahti Sopenkorpi,2021,1,9,02:00,14
Lahti Sopenkorpi,2021,1,10,02:00,14
Lahti Sopenkorpi,2021,1,11,02:00,19
Lahti Sopenkorpi,2021,1,12,02:00,20
Lahti Sopenkorpi,2021,1,13,02:00,27
Lahti Sopenkorpi,2021,1,14,02:00,26
Lahti Sopenkorpi,2021,1,15,02:00,25
Lahti Sopenkorpi,2021,1,16,02:00,24
Lahti Sopenkorpi,2021,1,17,02:00,23
Lahti Sopenkorpi,2021,1,18,02:00,23
Lahti Sopenkorpi,2021,1,19,02:00,23
Lahti Sopenkorpi,2021,1,20,02:00,25
Lahti Sopenkorpi,2021,1,21,02:00,25
Lahti Sopenkorpi,2021,1,22,02:00,29
Lahti Sopenkorpi,2021,1,23,02:00,27
Lahti Sopenkorpi,2021,1,24,02:00,23
Lahti Sopenkorpi,2021,1,25,02:00,25
Lahti Sopenkorpi,2021,1,26,02:00,24
Lahti Sopenkorpi,2021,1,27,02:00,29
Lahti Sopenkorpi,2021,1,28,02:00,30
Lahti Sopenkorpi,2021,1,29,02:00,29
Lahti Sopenkorpi,2021,1,30,02:00,33
Lahti Sopenkorpi,2021,1,31,02:00,34
Lahti Sopenkorpi,2021,2,1,02:00,33
Lahti Sopenkorpi,2021,2,2,02:00,32
Lahti Sopenkorpi,2021,2,3,02:00,37
Lahti Sopenkorpi,2021,2,4,02:00,38
Lahti Sopenkorpi,2021,2,5,02:00,36
Lahti Sopenkorpi,2021,2,6,02:00,36
Lahti Sopenkorpi,2021,2,7,02:00,36
Lahti Sopenkorpi,2021,2,8,02:00,36
Lahti Sopenkorpi,2021,2,9,02:00,36
Lahti Sopenkorpi,2021,2,10,02:00,35
Lahti Sopenkorpi,2021,2,11,02:00,35
Lahti Sopenkorpi,2021,2,12,02:00,35
Lahti Sopenkorpi,2021,2,13,02:00,34
Lahti Sopenkorpi,2021,2,14,02:00,35
Lahti Sopenkorpi,2021,2,15,02:00,35
Lahti Sopenkorpi,2021,2,16,02:00,35
Lahti Sopenkorpi,2021,2,17,02:00,35
Lahti Sopenkorpi,2021,2,18,02:00,35
Lahti Sopenkorpi,2021,2,19,02:00,35
Lahti Sopenkorpi,2021,2,20,02:00,36
Lahti Sopenkorpi,2021,2,21,02:00,45
Lahti Sopenkorpi,2021,2,22,02:00,46
Lahti Sopenkorpi,2021,2,23,02:00,45
Lahti Sopenkorpi,2021,2,24,02:00,46
Lahti Sopenkorpi,2021,2,25,02:00,45
Lahti Sopenkorpi,2021,2,26,02:00,41
Lahti Sopenkorpi,2021,2,27,02:00,36
Lahti Sopenkorpi,2021,2,28,02:00,36
Lahti Sopenkorpi,2021,3,1,02:00,35
Lahti Sopenkorpi,2021,3,2,02:00,34
Lahti Sopenkorpi,2021,3,3,02:00,33
Lahti Sopenkorpi,2021,3,4,02:00,32
Lahti Sopenkorpi,2021,3,5,02:00,31
Lahti Sopenkorpi,2021,3,6,02:00,31
Lahti Sopenkorpi,2021,3,7,02:00,36
Lahti Sopenkorpi,2021,3,8,02:00,42
Lahti Sopenkorpi,2021,3,9,02:00,41
Lahti Sopenkorpi,2021,3,10,02:00,41
Lahti Sopenkorpi,2021,3,11,02:00,41
Lahti Sopenkorpi,2021,3,12,02:00,40
Lahti Sopenkorpi,2021,3,13,02:00,41
Lahti Sopenkorpi,2021,3,14,02:00,37
Lahti Sopenkorpi,2021,3,15,02:00,40
Lahti Sopenkorpi,2021,3,16,02:00,39
Lahti Sopenkorpi,2021,3,17,02:00,38
Lahti Sopenkorpi,2021,3,18,02:00,39
Lahti Sopenkorpi,2021,3,19,02:00,38
Lahti Sopenkorpi,2021,3,20,02:00,38
Lahti Sopenkorpi,2021,3,21,02:00,41
Lahti Sopenkorpi,2021,3,22,02:00,40
Lahti Sopenkorpi,2021,3,23,02:00,40
Lahti Sopenkorpi,2021,3,24,02:00,39
Lahti Sopenkorpi,2021,3,25,02:00,33
Lahti Sopenkorpi,2021,3,26,02:00,30
Lahti Sopenkorpi,2021,3,27,02:00,29
Lahti Sopenkorpi,2021,3,28,02:00,27
Lahti Sopenkorpi,2021,3,29,03:00,25
Lahti Sopenkorpi,2021,3,30,03:00,17
Lahti Sopenkorpi,2021,3,31,03:00,10
Lahti Sopenkorpi,2021,4,1,03:00,5
Lahti Sopenkorpi,2021,4,2,03:00,-1
Lahti Sopenkorpi,2021,4,3,03:00,-1
Lahti Sopenkorpi,2021,4,4,03:00,-1
Lahti Sopenkorpi,2021,4,5,03:00,-1
Lahti Sopenkorpi,2021,4,6,03:00,-1
Lahti Sopenkorpi,2021,4,7,03:00,-1
Lahti Sopenkorpi,2021,4,8,03:00,-1
Lahti Sopenkorpi,2021,4,9,03:00,-1
Lahti Sopenkorpi,2021,4,10,03:00,-1
Lahti Sopenkorpi,2021,4,11,03:00,-1
Lahti Sopenkorpi,2021,4,12,03:00,-1
Lahti Sopenkorpi,2021,4,13,03:00,-1
Lahti Sopenkorpi,2021,4,14,03:00,-1
Lahti Sopenkorpi,2021,4,15,03:00,-1
Lahti Sopenkorpi,2021,4,16,03:00,-1
Lahti Sopenkorpi,2021,4,17,03:00,-1
Lahti Sopenkorpi,2021,4,18,03:00,-1
Lahti Sopenkorpi,2021,4,19,03:00,-1
Lahti Sopenkorpi,2021,4,20,03:00,-1
Lahti Sopenkorpi,2021,4,21,03:00,-1
Lahti Sopenkorpi,2021,4,22,03:00,-1
Lahti Sopenkorpi,2021,4,23,03:00,-1
Lahti Sopenkorpi,2021,4,24,03:00,-1
Lahti Sopenkorpi,2021,4,25,03:00,-1
Lahti Sopenkorpi,2021,4,26,03:00,-1
Lahti Sopenkorpi,2021,4,27,03:00,-1
Lahti Sopenkorpi,2021,4,28,03:00,-1
Lahti Sopenkorpi,2021,4,29,03:00,-1
Lahti Sopenkorpi,2021,4,30,03:00,-1
Lahti Sopenkorpi,2021,5,1,03:00,-1
Lahti Sopenkorpi,2021,5,2,03:00,-1
Lahti Sopenkorpi,2021,5,3,03:00,-1
Lahti Sopenkorpi,2021,5,4,03:00,-1
Lahti Sopenkorpi,2021,5,5,03:00,-1
Lahti Sopenkorpi,2021,5,6,03:00,-1
Lahti Sopenkorpi,2021,5,7,03:00,-1
Lahti Sopenkorpi,2021,5,8,03:00,-1
Lahti Sopenkorpi,2021,5,9,03:00,-1
Lahti Sopenkorpi,2021,5,10,03:00,-1
Lahti Sopenkorpi,2021,5,11,03:00,-1
Lahti Sopenkorpi,2021,5,12,03:00,-1
Lahti Sopenkorpi,2021,5,13,03:00,-1
Lahti Sopenkorpi,2021,5,14,03:00,-1
Lahti Sopenkorpi,2021,5,15,03:00,-1
Lahti Sopenkorpi,2021,5,16,03:00,-1
Lahti Sopenkorpi,2021,5,17,03:00,-1
Lahti Sopenkorpi,2021,5,18,03:00,-1
Lahti Sopenkorpi,2021,5,19,03:00,-1
Lahti Sopenkorpi,2021,5,20,03:00,-1
Lahti Sopenkorpi,2021,5,21,03:00,-1
Lahti Sopenkorpi,2021,5,22,03:00,-1
Lahti Sopenkorpi,2021,5,23,03:00,-1
Lahti Sopenkorpi,2021,5,24,03:00,-1
Lahti Sopenkorpi,2021,5,25,03:00,-1
Lahti Sopenkorpi,2021,5,26,03:00,-1
Lahti Sopenkorpi,2021,5,27,03:00,-1
Lahti Sopenkorpi,2021,5,28,03:00,-1
Lahti Sopenkorpi,2021,5,29,03:00,-1
Lahti Sopenkorpi,2021,5,30,03:00,-1
Lahti Sopenkorpi,2021,5,31,03:00,-1
Lahti Sopenkorpi,2021,6,1,03:00,-1
Lahti Sopenkorpi,2021,6,2,03:00,-1
Lahti Sopenkorpi,2021,6,3,03:00,-1
Lahti Sopenkorpi,2021,6,4,03:00,-1
Lahti Sopenkorpi,2021,6,5,03:00,-1
Lahti Sopenkorpi,2021,6,6,03:00,-1
Lahti Sopenkorpi,2021,6,7,03:00,-1
Lahti Sopenkorpi,2021,6,8,03:00,-1
Lahti Sopenkorpi,2021,6,9,03:00,-1
Lahti Sopenkorpi,2021,6,10,03:00,-1
Lahti Sopenkorpi,2021,6,11,03:00,-1
Lahti Sopenkorpi,2021,6,12,03:00,-1
Lahti Sopenkorpi,2021,6,13,03:00,-1
Lahti Sopenkorpi,2021,6,14,03:00,-1
Lahti Sopenkorpi,2021,6,15,03:00,-1
Lahti Sopenkorpi,2021,6,16,03:00,-1
Lahti Sopenkorpi,2021,6,17,03:00,-1
Lahti Sopenkorpi,2021,6,18,03:00,-1
Lahti Sopenkorpi,2021,6,19,03:00,-1
Lahti Sopenkorpi,2021,6,20,03:00,-1
Lahti Sopenkorpi,2021,6,21,03:00,-1
Lahti Sopenkorpi,2021,6,22,03:00,-1
Lahti Sopenkorpi,2021,6,23,03:00,-1
Lahti Sopenkorpi,2021,6,24,03:00,-1
Lahti Sopenkorpi,2021,6,25,03:00,-1
Lahti Sopenkorpi,2021,6,26,03:00,-1
Lahti Sopenkorpi,2021,6,27,03:00,-1
Lahti Sopenkorpi,2021,6,28,03:00,-1
Lahti Sopenkorpi,2021,6,29,03:00,-1
Lahti Sopenkorpi,2021,6,30,03:00,-1
Lahti Sopenkorpi,2021,7,1,03:00,-1
Lahti Sopenkorpi,2021,7,2,03:00,-1
Lahti Sopenkorpi,2021,7,3,03:00,-1
Lahti Sopenkorpi,2021,7,4,03:00,-1
Lahti Sopenkorpi,2021,7,5,03:00,-1
Lahti Sopenkorpi,2021,7,6,03:00,-1
Lahti Sopenkorpi,2021,7,7,03:00,-1
Lahti Sopenkorpi,2021,7,8,03:00,-1
Lahti Sopenkorpi,2021,7,9,03:00,-1
Lahti Sopenkorpi,2021,7,10,03:00,-1
Lahti Sopenkorpi,2021,7,11,03:00,-1
Lahti Sopenkorpi,2021,7,12,03:00,-1
Lahti Sopenkorpi,2021,7,13,03:00,-1
Lahti Sopenkorpi,2021,7,14,03:00,-1
Lahti Sopenkorpi,2021,7,15,03:00,-1
Lahti Sopenkorpi,2021,7,16,03:00,-1
Lahti Sopenkorpi,2021,7,17,03:00,-1
Lahti Sopenkorpi,2021,7,18,03:00,-1
Lahti Sopenkorpi,2021,7,19,03:00,-1
Lahti Sopenkorpi,2021,7,20,03:00,-1
Lahti Sopenkorpi,2021,7,21,03:00,-1
Lahti Sopenkorpi,2021,7,22,03:00,-1
Lahti Sopenkorpi,2021,7,23,03:00,-1
Lahti Sopenkorpi,2021,7,24,03:00,-1
Lahti Sopenkorpi,2021,7,25,03:00,-1
Lahti Sopenkorpi,2021,7,26,03:00,-1
Lahti Sopenkorpi,2021,7,27,03:00,-1
Lahti Sopenkorpi,2021,7,28,03:00,-1
Lahti Sopenkorpi,2021,7,29,03:00,-1
Lahti Sopenkorpi,2021,7,30,03:00,-1
Lahti Sopenkorpi,2021,7,31,03:00,-1
Lahti Sopenkorpi,2021,8,1,03:00,-1
Lahti Sopenkorpi,2021,8,2,03:00,-1
Lahti Sopenkorpi,2021,8,3,03:00,-1
Lahti Sopenkorpi,2021,8,4,03:00,-1
Lahti Sopenkorpi,2021,8,5,03:00,-1
Lahti Sopenkorpi,2021,8,6,03:00,-1
Lahti Sopenkorpi,2021,8,7,03:00,-1
Lahti Sopenkorpi,2021,8,8,03:00,-1
Lahti Sopenkorpi,2021,8,9,03:00,-1
Lahti Sopenkorpi,2021,8,10,03:00,-1
Lahti Sopenkorpi,2021,8,11,03:00,-1
Lahti Sopenkorpi,2021,8,12,03:00,-1
Lahti Sopenkorpi,2021,8,13,03:00,-1
Lahti Sopenkorpi,2021,8,14,03:00,-1
Lahti Sopenkorpi,2021,8,15,03:00,-1
Lahti Sopenkorpi,2021,8,16,03:00,-1
Lahti Sopenkorpi,2021,8,17,03:00,-1
Lahti Sopenkorpi,2021,8,18,03:00,-1
Lahti Sopenkorpi,2021,8,19,03:00,-1
Lahti Sopenkorpi,2021,8,20,03:00,-1
Lahti Sopenkorpi,2021,8,21,03:00,-1
Lahti Sopenkorpi,2021,8,22,03:00,-1
Lahti Sopenkorpi,2021,8,23,03:00,-1
Lahti Sopenkorpi,2021,8,24,03:00,-1
Lahti Sopenkorpi,2021,8,25,03:00,-1
Lahti Sopenkorpi,2021,8,26,03:00,-1
Lahti Sopenkorpi,2021,8,27,03:00,-1
Lahti Sopenkorpi,2021,8,28,03:00,-1
Lahti Sopenkorpi,2021,8,29,03:00,-1
Lahti Sopenkorpi,2021,8,30,03:00,-1
Lahti Sopenkorpi,2021,8,31,03:00,-1
Lahti Sopenkorpi,2021,9,1,03:00,-1
Lahti Sopenkorpi,2021,9,2,03:00,-1
Lahti Sopenkorpi,2021,9,3,03:00,-1
Lahti Sopenkorpi,2021,9,4,03:00,-1
Lahti Sopenkorpi,2021,9,5,03:00,-1
Lahti Sopenkorpi,2021,9,6,03:00,-1
Lahti Sopenkorpi,2021,9,7,03:00,-1
Lahti Sopenkorpi,2021,9,8,03:00,-1
Lahti Sopenkorpi,2021,9,9,03:00,-1
Lahti Sopenkorpi,2021,9,10,03:00,-1
Lahti Sopenkorpi,2021,9,11,03:00,-1
Lahti Sopenkorpi,2021,9,12,03:00,-1
Lahti Sopenkorpi,2021,9,13,03:00,-1
Lahti Sopenkorpi,2021,9,14,03:00,-1
Lahti Sopenkorpi,2021,9,15,03:00,-1
Lahti Sopenkorpi,2021,9,16,03:00,-1
Lahti Sopenkorpi,2021,9,17,03:00,-1
Lahti Sopenkorpi,2021,9,18,03:00,-1
Lahti Sopenkorpi,2021,9,19,03:00,-1
Lahti Sopenkorpi,2021,9,20,03:00,-1
Lahti Sopenkorpi,2021,9,21,03:00,-1
Lahti Sopenkorpi,2021,9,22,03:00,-1
Lahti Sopenkorpi,2021,9,23,03:00,-1
Lahti Sopenkorpi,2021,9,24,03:00,-1
Lahti Sopenkorpi,2021,9,25,03:00,-1
Lahti Sopenkorpi,2021,9,26,03:00,-1
Lahti Sopenkorpi,2021,9,27,03:00,-1
Lahti Sopenkorpi,2021,9,28,03:00,-1
Lahti Sopenkorpi,2021,9,29,03:00,-1
Lahti Sopenkorpi,2021,9,30,03:00,-1
Lahti Sopenkorpi,2021,10,1,03:00,-1
Lahti Sopenkorpi,2021,10,2,03:00,-1
Lahti Sopenkorpi,2021,10,3,03:00,-1
Lahti Sopenkorpi,2021,10,4,03:00,-1
Lahti Sopenkorpi,2021,10,5,03:00,-1
Lahti Sopenkorpi,2021,10,6,03:00,-1
Lahti Sopenkorpi,2021,10,7,03:00,-1
Lahti Sopenkorpi,2021,10,8,03:00,-1
Lahti Sopenkorpi,2021,10,9,03:00,-1
Lahti Sopenkorpi,2021,10,10,03:00,-1
Lahti Sopenkorpi,2021,10,11,03:00,-1
Lahti Sopenkorpi,2021,10,12,03:00,-1
Lahti Sopenkorpi,2021,10,13,03:00,-1
Lahti Sopenkorpi,2021,10,14,03:00,-1
Lahti Sopenkorpi,2021,10,15,03:00,-1
Lahti Sopenkorpi,2021,10,16,03:00,-1
Lahti Sopenkorpi,2021,10,17,03:00,-1
Lahti Sopenkorpi,2021,10,18,03:00,-1
Lahti Sopenkorpi,2021,10,19,03:00,-1
Lahti Sopenkorpi,2021,10,20,03:00,-1
Lahti Sopenkorpi,2021,10,21,03:00,-1
Lahti Sopenkorpi,2021,10,22,03:00,-1
Lahti Sopenkorpi,2021,10,23,03:00,-1
Lahti Sopenkorpi,2021,10,24,03:00,-1
Lahti Sopenkorpi,2021,10,25,03:00,-1
Lahti Sopenkorpi,2021,10,26,03:00,-1
Lahti Sopenkorpi,2021,10,27,03:00,-1
Lahti Sopenkorpi,2021,10,28,03:00,-1
Lahti Sopenkorpi,2021,10,29,03:00,-1
Lahti Sopenkorpi,2021,10,30,03:00,-1
Lahti Sopenkorpi,2021,10,31,03:00,-1
Lahti Sopenkorpi,2021,11,1,02:00,-1
Lahti Sopenkorpi,2021,11,2,02:00,-1
Lahti Sopenkorpi,2021,11,3,02:00,-1
Lahti Sopenkorpi,2021,11,4,02:00,-1
Lahti Sopenkorpi,2021,11,5,02:00,-1
Lahti Sopenkorpi,2021,11,6,02:00,-1
Lahti Sopenkorpi,2021,11,7,02:00,-1
Lahti Sopenkorpi,2021,11,8,02:00,-1
Lahti Sopenkorpi,2021,11,9,02:00,-1
Lahti Sopenkorpi,2021,11,10,02:00,-1
Lahti Sopenkorpi,2021,11,11,02:00,-1
Lahti Sopenkorpi,2021,11,12,02:00,-1
Lahti Sopenkorpi,2021,11,13,02:00,-1
Lahti Sopenkorpi,2021,11,14,02:00,-1
Lahti Sopenkorpi,2021,11,15,02:00,-1
Lahti Sopenkorpi,2021,11,16,02:00,-1
Lahti Sopenkorpi,2021,11,17,02:00,-1
Lahti Sopenkorpi,2021,11,18,02:00,-1
Lahti Sopenkorpi,2021,11,19,02:00,-1
Lahti Sopenkorpi,2021,11,20,02:00,-1
Lahti Sopenkorpi,2021,11,21,02:00,-1
Lahti Sopenkorpi,2021,11,22,02:00,-1
Lahti Sopenkorpi,2021,11,23,02:00,6
Lahti Sopenkorpi,2021,11,24,02:00,5
Lahti Sopenkorpi,2021,11,25,02:00,5
Lahti Sopenkorpi,2021,11,26,02:00,2
Lahti Sopenkorpi,2021,11,27,02:00,2
Lahti Sopenkorpi,2021,11,28,02:00,4
Lahti Sopenkorpi,2021,11,29,02:00,4
Lahti Sopenkorpi,2021,11,30,02:00,5
Lahti Sopenkorpi,2021,12,1,02:00,8
Lahti Sopenkorpi,2021,12,2,02:00,6
Lahti Sopenkorpi,2021,12,3,02:00,6
Lahti Sopenkorpi,2021,12,4,02:00,8
Lahti Sopenkorpi,2021,12,5,02:00,7
Lahti Sopenkorpi,2021,12,6,02:00,7
Lahti Sopenkorpi,2021,12,7,02:00,8
Lahti Sopenkorpi,2021,12,8,02:00,8
Lahti Sopenkorpi,2021,12,9,02:00,8
Lahti Sopenkorpi,2021,12,10,02:00,9
Lahti Sopenkorpi,2021,12,11,02:00,9
Lahti Sopenkorpi,2021,12,12,02:00,9
Lahti Sopenkorpi,2021,12,13,02:00,9
Lahti Sopenkorpi,2021,12,14,02:00,8
Lahti Sopenkorpi,2021,12,15,02:00,10
Lahti Sopenkorpi,2021,12,16,02:00,8
Lahti Sopenkorpi,2021,12,17,02:00,7
Lahti Sopenkorpi,2021,12,18,02:00,8
Lahti Sopenkorpi,2021,12,19,02:00,7
Lahti Sopenkorpi,2021,12,20,02:00,7
Lahti Sopenkorpi,2021,12,21,02:00,7
Lahti Sopenkorpi,2021,12,22,02:00,8
Lahti Sopenkorpi,2021,12,23,02:00,9
Lahti Sopenkorpi,2021,12,24,02:00,11
Lahti Sopenkorpi,2021,12,25,02:00,12
Lahti Sopenkorpi,2021,12,26,02:00,14
Lahti Sopenkorpi,2021,12,27,02:00,12
Lahti Sopenkorpi,2021,12,28,02:00,13
Lahti Sopenkorpi,2021,12,29,02:00,13
Lahti Sopenkorpi,2021,12,30,02:00,13
Lahti Sopenkorpi,2021,12,31,02:00,14
Lahti Sopenkorpi,2022,1,1,02:00,15
Lahti Sopenkorpi,2022,1,2,02:00,14
Lahti Sopenkorpi,2022,1,3,02:00,20
Lahti Sopenkorpi,2022,1,4,02:00,21
Lahti Sopenkorpi,2022,1,5,02:00,23
Lahti Sopenkorpi,2022,1,6,02:00,23
Lahti Sopenkorpi,2022,1,7,02:00,23
Lahti Sopenkorpi,2022,1,8,02:00,24
Lahti Sopenkorpi,2022,1,9,02:00,24
Lahti Sopenkorpi,2022,1,10,02:00,23
Lahti Sopenkorpi,2022,1,11,02:00,23
Lahti Sopenkorpi,2022,1,12,02:00,23
Lahti Sopenkorpi,2022,1,13,02:00,22
Lahti Sopenkorpi,2022,1,14,02:00,17
Lahti Sopenkorpi,2022,1,15,02:00,17
Lahti Sopenkorpi,2022,1,16,02:00,17
Lahti Sopenkorpi,2022,1,17,02:00,17
Lahti Sopenkorpi,2022,1,18,02:00,17
Lahti Sopenkorpi,2022,1,19,02:00,17
Lahti Sopenkorpi,2022,1,20,02:00,16
Lahti Sopenkorpi,2022,1,21,02:00,23
Lahti Sopenkorpi,2022,1,22,02:00,24
Lahti Sopenkorpi,2022,1,23,02:00,24
Lahti Sopenkorpi,2022,1,24,02:00,24
Lahti Sopenkorpi,2022,1,25,02:00,21
Lahti Sopenkorpi,2022,1,26,02:00,21
Lahti Sopenkorpi,2022,1,27,02:00,25
Lahti Sopenkorpi,2022,1,28,02:00,29
Lahti Sopenkorpi,2022,1,29,02:00,29
Lahti Sopenkorpi,2022,1,30,02:00,40
Lahti Sopenkorpi,2022,1,31,02:00,50
Lahti Sopenkorpi,2022,2,1,02:00,47
Lahti Sopenkorpi,2022,2,2,02:00,47
Lahti Sopenkorpi,2022,2,3,02:00,47
Lahti Sopenkorpi,2022,2,4,02:00,45
Lahti Sopenkorpi,2022,2,5,02:00,47
Lahti Sopenkorpi,2022,2,6,02:00,53
Lahti Sopenkorpi,2022,2,7,02:00,56
Lahti Sopenkorpi,2022,2,8,02:00,55
Lahti Sopenkorpi,2022,2,9,02:00,55
Lahti Sopenkorpi,2022,2,10,02:00,56
Lahti Sopenkorpi,2022,2,11,02:00,54
Lahti Sopenkorpi,2022,2,12,02:00,54
Lahti Sopenkorpi,2022,2,13,02:00,53
Lahti Sopenkorpi,2022,2,14,02:00,52
Lahti Sopenkorpi,2022,2,15,02:00,54
Lahti Sopenkorpi,2022,2,16,02:00,52
Lahti Sopenkorpi,2022,2,17,02:00,53
Lahti Sopenkorpi,2022,2,18,02:00,53
Lahti Sopenkorpi,2022,2,19,02:00,54
Lahti Sopenkorpi,2022,2,20,02:00,52
Lahti Sopenkorpi,2022,2,21,02:00,53
Lahti Sopenkorpi,2022,2,22,02:00,59
Lahti Sopenkorpi,2022,2,23,02:00,59
Lahti Sopenkorpi,2022,2,24,02:00,58
Lahti Sopenkorpi,2022,2,25,02:00,53
Lahti Sopenkorpi,2022,2,26,02:00,65
Lahti Sopenkorpi,2022,2,27,02:00,64
Lahti Sopenkorpi,2022,2,28,02:00,62
Lahti Sopenkorpi,2022,3,1,02:00,61
Lahti Sopenkorpi,2022,3,2,02:00,61
Lahti Sopenkorpi,2022,3,3,02:00,59
Lahti Sopenkorpi,2022,3,4,02:00,58
Lahti Sopenkorpi,2022,3,5,02:00,59
Lahti Sopenkorpi,2022,3,6,02:00,59
Lahti Sopenkorpi,2022,3,7,02:00,59
Lahti Sopenkorpi,2022,3,8,02:00,62
Lahti Sopenkorpi,2022,3,9,02:00,65
Lahti Sopenkorpi,2022,3,10,02:00,65
Lahti Sopenkorpi,2022,3,11,02:00,65
Lahti Sopenkorpi,2022,3,12,02:00,64
Lahti Sopenkorpi,2022,3,13,02:00,63
Lahti Sopenkorpi,2022,3,14,02:00,63
Lahti Sopenkorpi,2022,3,15,02:00,63
Lahti Sopenkorpi,2022,3,16,02:00,63
Lahti Sopenkorpi,2022,3,17,02:00,63
Lahti Sopenkorpi,2022,3,18,02:00,62
Lahti Sopenkorpi,2022,3,19,02:00,61
Lahti Sopenkorpi,2022,3,20,02:00,58
Lahti Sopenkorpi,2022,3,21,02:00,56
Lahti Sopenkorpi,2022,3,22,02:00,54
Lahti Sopenkorpi,2022,3,23,02:00,53
Lahti Sopenkorpi,2022,3,24,02:00,53
Lahti Sopenkorpi,2022,3,25,02:00,50
Lahti Sopenkorpi,2022,3,26,02:00,46
Lahti Sopenkorpi,2022,3,27,02:00,45
Lahti Sopenkorpi,2022,3,28,03:00,53
Lahti Sopenkorpi,2022,3,29,03:00,48
Lahti Sopenkorpi,2022,3,30,03:00,48
Lahti Sopenkorpi,2022,3,31,03:00,48
Lahti Sopenkorpi,2022,4,1,03:00,48
Lahti Sopenkorpi,2022,4,2,03:00,48
Lahti Sopenkorpi,2022,4,3,03:00,48
Lahti Sopenkorpi,2022,4,4,03:00,46
Lahti Sopenkorpi,2022,4,5,03:00,58
Lahti Sopenkorpi,2022,4,6,03:00,59
Lahti Sopenkorpi,2022,4,7,03:00,58
Lahti Sopenkorpi,2022,4,8,03:00,56
Lahti Sopenkorpi,2022,4,9,03:00,50
Lahti Sopenkorpi,2022,4,10,03:00,52
Lahti Sopenkorpi,2022,4,11,03:00,49
Lahti Sopenkorpi,2022,4,12,03:00,46
Lahti Sopenkorpi,2022,4,13,03:00,40
Lahti Sopenkorpi,2022,4,14,03:00,36
Lahti Sopenkorpi,2022,4,15,03:00,33
Lahti Sopenkorpi,2022,4,16,03:00,30
Lahti Sopenkorpi,2022,4,17,03:00,27
Lahti Sopenkorpi,2022,4,18,03:00,23
Lahti Sopenkorpi,2022,4,19,03:00,18
Lahti Sopenkorpi,2022,4,20,03:00,11
Lahti Sopenkorpi,2022,4,21,03:00,-1
Lahti Sopenkorpi,2022,4,22,03:00,-1
Lahti Sopenkorpi,2022,4,23,03:00,-1
Lahti Sopenkorpi,2022,4,24,03:00,-1
Lahti Sopenkorpi,2022,4,25,03:00,-1
Lahti Sopenkorpi,2022,4,26,03:00,-1
Lahti Sopenkorpi,2022,4,27,03:00,-1
Lahti Sopenkorpi,2022,4,28,03:00,-1
Lahti Sopenkorpi,2022,4,29,03:00,-1
Lahti Sopenkorpi,2022,4,30,03:00,-1
Lahti Sopenkorpi,2022,5,1,03:00,-1
Lahti Sopenkorpi,2022,5,2,03:00,-1
Lahti Sopenkorpi,2022,5,3,03:00,-1
Lahti Sopenkorpi,2022,5,4,03:00,-1
Lahti Sopenkorpi,2022,5,5,03:00,-1
Lahti Sopenkorpi,2022,5,6,03:00,-1
Lahti Sopenkorpi,2022,5,7,03:00,-1
Lahti Sopenkorpi,2022,5,8,03:00,-1
Lahti Sopenkorpi,2022,5,9,03:00,-1
Lahti Sopenkorpi,2022,5,10,03:00,-1
Lahti Sopenkorpi,2022,5,11,03:00,-1
Lahti Sopenkorpi,2022,5,12,03:00,-1
Lahti Sopenkorpi,2022,5,13,03:00,-1
Lahti Sopenkorpi,2022,5,14,03:00,-1
Lahti Sopenkorpi,2022,5,15,03:00,-1
Lahti Sopenkorpi,2022,5,16,03:00,-1
Lahti Sopenkorpi,2022,5,17,03:00,-1
Lahti Sopenkorpi,2022,5,18,03:00,-1
Lahti Sopenkorpi,2022,5,19,03:00,-1
Lahti Sopenkorpi,2022,5,20,03:00,-1
Lahti Sopenkorpi,2022,5,21,03:00,-1
Lahti Sopenkorpi,2022,5,22,03:00,-1
Lahti Sopenkorpi,2022,5,23,03:00,-1
Lahti Sopenkorpi,2022,5,24,03:00,-1
Lahti Sopenkorpi,2022,5,25,03:00,-1
Lahti Sopenkorpi,2022,5,26,03:00,-1
Lahti Sopenkorpi,2022,5,27,03:00,-1
Lahti Sopenkorpi,2022,5,28,03:00,-1
Lahti Sopenkorpi,2022,5,29,03:00,-1
Lahti Sopenkorpi,2022,5,30,03:00,-1
Lahti Sopenkorpi,2022,5,31,03:00,-1
Lahti Sopenkorpi,2022,6,1,03:00,-1
Lahti Sopenkorpi,2022,6,2,03:00,-1
Lahti Sopenkorpi,2022,6,3,03:00,-1
Lahti Sopenkorpi,2022,6,4,03:00,-1
Lahti Sopenkorpi,2022,6,5,03:00,-1
Lahti Sopenkorpi,2022,6,6,03:00,-1
Lahti Sopenkorpi,2022,6,7,03:00,-1
Lahti Sopenkorpi,2022,6,8,03:00,-1
Lahti Sopenkorpi,2022,6,9,03:00,-1
Lahti Sopenkorpi,2022,6,10,03:00,-1
Lahti Sopenkorpi,2022,6,11,03:00,-1
Lahti Sopenkorpi,2022,6,12,03:00,-1
Lahti Sopenkorpi,2022,6,13,03:00,-1
Lahti Sopenkorpi,2022,6,14,03:00,-1
Lahti Sopenkorpi,2022,6,15,03:00,-1
Lahti Sopenkorpi,2022,6,16,03:00,-1
Lahti Sopenkorpi,2022,6,17,03:00,-1
Lahti Sopenkorpi,2022,6,18,03:00,-1
Lahti Sopenkorpi,2022,6,19,03:00,-1
Lahti Sopenkorpi,2022,6,20,03:00,-1
Lahti Sopenkorpi,2022,6,21,03:00,-1
Lahti Sopenkorpi,2022,6,22,03:00,-1
Lahti Sopenkorpi,2022,6,23,03:00,-1
Lahti Sopenkorpi,2022,6,24,03:00,-1
Lahti Sopenkorpi,2022,6,25,03:00,-1
Lahti Sopenkorpi,2022,6,26,03:00,-1
Lahti Sopenkorpi,2022,6,27,03:00,-1
Lahti Sopenkorpi,2022,6,28,03:00,-1
Lahti Sopenkorpi,2022,6,29,03:00,-1
Lahti Sopenkorpi,2022,6,30,03:00,-1
Lahti Sopenkorpi,2022,7,1,03:00,-1
Lahti Sopenkorpi,2022,7,2,03:00,-1
Lahti Sopenkorpi,2022,7,3,03:00,-1
Lahti Sopenkorpi,2022,7,4,03:00,-1
Lahti Sopenkorpi,2022,7,5,03:00,-1
Lahti Sopenkorpi,2022,7,6,03:00,-1
Lahti Sopenkorpi,2022,7,7,03:00,-1
Lahti Sopenkorpi,2022,7,8,03:00,-1
Lahti Sopenkorpi,2022,7,9,03:00,-1
Lahti Sopenkorpi,2022,7,10,03:00,-1
Lahti Sopenkorpi,2022,7,11,03:00,-1
Lahti Sopenkorpi,2022,7,12,03:00,-1
Lahti Sopenkorpi,2022,7,13,03:00,-1
Lahti Sopenkorpi,2022,7,14,03:00,-1
Lahti Sopenkorpi,2022,7,15,03:00,-1
Lahti Sopenkorpi,2022,7,16,03:00,-1
Lahti Sopenkorpi,2022,7,17,03:00,-1
Lahti Sopenkorpi,2022,7,18,03:00,-1
Lahti Sopenkorpi,2022,7,19,03:00,-1
Lahti Sopenkorpi,2022,7,20,03:00,-1
Lahti Sopenkorpi,2022,7,21,03:00,-1
Lahti Sopenkorpi,2022,7,22,03:00,-1
Lahti Sopenkorpi,2022,7,23,03:00,-1
Lahti Sopenkorpi,2022,7,24,03:00,-1
Lahti Sopenkorpi,2022,7,25,03:00,-1
Lahti Sopenkorpi,2022,7,26,03:00,-1
Lahti Sopenkorpi,2022,7,27,03:00,-1
Lahti Sopenkorpi,2022,7,28,03:00,-1
Lahti Sopenkorpi,2022,7,29,03:00,-1
Lahti Sopenkorpi,2022,7,30,03:00,-1
Lahti Sopenkorpi,2022,7,31,03:00,-1
Lahti Sopenkorpi,2022,8,1,03:00,-1
Lahti Sopenkorpi,2022,8,2,03:00,-1
Lahti Sopenkorpi,2022,8,3,03:00,-1
Lahti Sopenkorpi,2022,8,4,03:00,-1
Lahti Sopenkorpi,2022,8,5,03:00,-1
Lahti Sopenkorpi,2022,8,6,03:00,-1
Lahti Sopenkorpi,2022,8,7,03:00,-1
Lahti Sopenkorpi,2022,8,8,03:00,-1
Lahti Sopenkorpi,2022,8,9,03:00,-1
Lahti Sopenkorpi,2022,8,10,03:00,-1
Lahti Sopenkorpi,2022,8,11,03:00,-1
Lahti Sopenkorpi,2022,8,12,03:00,-1
Lahti Sopenkorpi,2022,8,13,03:00,-1
Lahti Sopenkorpi,2022,8,14,03:00,-1
Lahti Sopenkorpi,2022,8,15,03:00,-1
Lahti Sopenkorpi,2022,8,16,03:00,-1
Lahti Sopenkorpi,2022,8,17,03:00,-1
Lahti Sopenkorpi,2022,8,18,03:00,-1
Lahti Sopenkorpi,2022,8,19,03:00,-1
Lahti Sopenkorpi,2022,8,20,03:00,-1
Lahti Sopenkorpi,2022,8,21,03:00,-1
Lahti Sopenkorpi,2022,8,22,03:00,-1
Lahti Sopenkorpi,2022,8,23,03:00,-1
Lahti Sopenkorpi,2022,8,24,03:00,-1
Lahti Sopenkorpi,2022,8,25,03:00,-1
Lahti Sopenkorpi,2022,8,26,03:00,-1
Lahti Sopenkorpi,2022,8,27,03:00,-1
Lahti Sopenkorpi,2022,8,28,03:00,-1
Lahti Sopenkorpi,2022,8,29,03:00,-1
Lahti Sopenkorpi,2022,8,30,03:00,-1
Lahti Sopenkorpi,2022,8,31,03:00,-1
Lahti Sopenkorpi,2022,9,1,03:00,-1
Lahti Sopenkorpi,2022,9,2,03:00,-1
Lahti Sopenkorpi,2022,9,3,03:00,-1
Lahti Sopenkorpi,2022,9,4,03:00,-1
Lahti Sopenkorpi,2022,9,5,03:00,-1
Lahti Sopenkorpi,2022,9,6,03:00,-1
Lahti Sopenkorpi,2022,9,7,03:00,-1
Lahti Sopenkorpi,2022,9,8,03:00,-1
Lahti Sopenkorpi,2022,9,9,03:00,-1
Lahti Sopenkorpi,2022,9,10,03:00,-1
Lahti Sopenkorpi,2022,9,11,03:00,-1
Lahti Sopenkorpi,2022,9,12,03:00,-1
Lahti Sopenkorpi,2022,9,13,03:00,-1
Lahti Sopenkorpi,2022,9,14,03:00,-1
Lahti Sopenkorpi,2022,9,15,03:00,-1
Lahti Sopenkorpi,2022,9,16,03:00,-1
Lahti Sopenkorpi,2022,9,17,03:00,-1
Lahti Sopenkorpi,2022,9,18,03:00,-1
Lahti Sopenkorpi,2022,9,19,03:00,-1
Lahti Sopenkorpi,2022,9,20,03:00,-1
Lahti Sopenkorpi,2022,9,21,03:00,-1
Lahti Sopenkorpi,2022,9,22,03:00,-1
Lahti Sopenkorpi,2022,9,23,03:00,-1
Lahti Sopenkorpi,2022,9,24,03:00,-1
Lahti Sopenkorpi,2022,9,25,03:00,-1
Lahti Sopenkorpi,2022,9,26,03:00,-1
Lahti Sopenkorpi,2022,9,27,03:00,-1
Lahti Sopenkorpi,2022,9,28,03:00,-1
Lahti Sopenkorpi,2022,9,29,03:00,-1
Lahti Sopenkorpi,2022,9,30,03:00,-1
Lahti Sopenkorpi,2022,10,1,03:00,-1
Lahti Sopenkorpi,2022,10,2,03:00,-1
Lahti Sopenkorpi,2022,10,3,03:00,-1
Lahti Sopenkorpi,2022,10,4,03:00,-1
Lahti Sopenkorpi,2022,10,5,03:00,-1
Lahti Sopenkorpi,2022,10,6,03:00,-1
Lahti Sopenkorpi,2022,10,7,03:00,-1
Lahti Sopenkorpi,2022,10,8,03:00,-1
Lahti Sopenkorpi,2022,10,9,03:00,-1
Lahti Sopenkorpi,2022,10,10,03:00,-1
Lahti Sopenkorpi,2022,10,11,03:00,-1
Lahti Sopenkorpi,2022,10,12,03:00,-1
Lahti Sopenkorpi,2022,10,13,03:00,-1
Lahti Sopenkorpi,2022,10,14,03:00,-1
Lahti Sopenkorpi,2022,10,15,03:00,-1
Lahti Sopenkorpi,2022,10,16,03:00,-1
Lahti Sopenkorpi,2022,10,17,03:00,-1
Lahti Sopenkorpi,2022,10,18,03:00,-1
Lahti Sopenkorpi,2022,10,19,03:00,-1
Lahti Sopenkorpi,2022,10,20,03:00,-1
Lahti Sopenkorpi,2022,10,21,03:00,-1
Lahti Sopenkorpi,2022,10,22,03:00,-1
Lahti Sopenkorpi,2022,10,23,03:00,-1
Lahti Sopenkorpi,2022,10,24,03:00,-1
Lahti Sopenkorpi,2022,10,25,03:00,-1
Lahti Sopenkorpi,2022,10,26,03:00,-1
Lahti Sopenkorpi,2022,10,27,03:00,-1
Lahti Sopenkorpi,2022,10,28,03:00,-1
Lahti Sopenkorpi,2022,10,29,03:00,-1
Lahti Sopenkorpi,2022,10,30,03:00,-1
Lahti Sopenkorpi,2022,10,31,02:00,-1
Lahti Sopenkorpi,2022,11,1,02:00,-1
Lahti Sopenkorpi,2022,11,2,02:00,-1
Lahti Sopenkorpi,2022,11,3,02:00,-1
Lahti Sopenkorpi,2022,11,4,02:00,-1
Lahti Sopenkorpi,2022,11,5,02:00,-1
Lahti Sopenkorpi,2022,11,6,02:00,-1
Lahti Sopenkorpi,2022,11,7,02:00,-1
Lahti Sopenkorpi,2022,11,8,02:00,-1
Lahti Sopenkorpi,2022,11,9,02:00,-1
Lahti Sopenkorpi,2022,11,10,02:00,-1
Lahti Sopenkorpi,2022,11,11,02:00,-1
Lahti Sopenkorpi,2022,11,12,02:00,-1
Lahti Sopenkorpi,2022,11,13,02:00,-1
Lahti Sopenkorpi,2022,11,14,02:00,-1
Lahti Sopenkorpi,2022,11,15,02:00,-1
Lahti Sopenkorpi,2022,11,16,02:00,-1
Lahti Sopenkorpi,2022,11,17,02:00,-1
Lahti Sopenkorpi,2022,11,18,02:00,-1
Lahti Sopenkorpi,2022,11,19,02:00,-1
Lahti Sopenkorpi,2022,11,20,02:00,-1
Lahti Sopenkorpi,2022,11,21,02:00,-1
Lahti Sopenkorpi,2022,11,22,02:00,-1
Lahti Sopenkorpi,2022,11,23,02:00,-1
Lahti Sopenkorpi,2022,11,24,02:00,-1
Lahti Sopenkorpi,2022,11,25,02:00,-1
Lahti Sopenkorpi,2022,11,26,02:00,-1
Lahti Sopenkorpi,2022,11,27,02:00,-1
Lahti Sopenkorpi,2022,11,28,02:00,3
Lahti Sopenkorpi,2022,11,29,02:00,3
Lahti Sopenkorpi,2022,11,30,02:00,4
Lahti Sopenkorpi,2022,12,1,02:00,5
Lahti Sopenkorpi,2022,12,2,02:00,5
Lahti Sopenkorpi,2022,12,3,02:00,5
Lahti Sopenkorpi,2022,12,4,02:00,6
Lahti Sopenkorpi,2022,12,5,02:00,6
Lahti Sopenkorpi,2022,12,6,02:00,5
Lahti Sopenkorpi,2022,12,7,02:00,6
Lahti Sopenkorpi,2022,12,8,02:00,17
Lahti Sopenkorpi,2022,12,9,02:00,18
Lahti Sopenkorpi,2022,12,10,02:00,25
Lahti Sopenkorpi,2022,12,11,02:00,26
Lahti Sopenkorpi,2022,12,12,02:00,24
Lahti Sopenkorpi,2022,12,13,02:00,43
Lahti Sopenkorpi,2022,12,14,02:00,41
Lahti Sopenkorpi,2022,12,15,02:00,39
Lahti Sopenkorpi,2022,12,16,02:00,36
Lahti Sopenkorpi,2022,12,17,02:00,34
Lahti Sopenkorpi,2022,12,18,02:00,32
Lahti Sopenkorpi,2022,12,19,02:00,30
Lahti Sopenkorpi,2022,12,20,02:00,29
Lahti Sopenkorpi,2022,12,21,02:00,30
Lahti Sopenkorpi,2022,12,22,02:00,23
Lahti Sopenkorpi,2022,12,23,02:00,19
Lahti Sopenkorpi,2022,12,24,02:00,24
Lahti Sopenkorpi,2022,12,25,02:00,22
Lahti Sopenkorpi,2022,12,26,02:00,23
Lahti Sopenkorpi,2022,12,27,02:00,23
Lahti Sopenkorpi,2022,12,28,02:00,24
Lahti Sopenkorpi,2022,12,29,02:00,24
Lahti Sopenkorpi,2022,12,30,02:00,28
Lahti Sopenkorpi,2022,12,31,02:00,23
Lahti Sopenkorpi,2023,1,1,02:00,17
Lahti Sopenkorpi,2023,1,2,02:00,16
Lahti Sopenkorpi,2023,1,3,02:00,16
Lahti Sopenkorpi,2023,1,4,02:00,18
Lahti Sopenkorpi,2023,1,5,02:00,17
Lahti Sopenkorpi,2023,1,6,02:00,18
Lahti Sopenkorpi,2023,1,7,02:00,18
Lahti Sopenkorpi,2023,1,8,02:00,19
Lahti Sopenkorpi,2023,1,9,02:00,20
Lahti Sopenkorpi,2023,1,10,02:00,21
Lahti Sopenkorpi,2023,1,11,02:00,22
Lahti Sopenkorpi,2023,1,12,02:00,20
Lahti Sopenkorpi,2023,1,13,02:00,18
Lahti Sopenkorpi,2023,1,14,02:00,15
Lahti Sopenkorpi,2023,1,15,02:00,12
Lahti Sopenkorpi,2023,1,16,02:00,11
Lahti Sopenkorpi,2023,1,17,02:00,10
Lahti Sopenkorpi,2023,1,18,02:00,13
Lahti Sopenkorpi,2023,1,19,02:00,17
Lahti Sopenkorpi,2023,1,20,02:00,25
Lahti Sopenkorpi,2023,1,21,02:00,24
Lahti Sopenkorpi,2023,1,22,02:00,23
Lahti Sopenkorpi,2023,1,23,02:00,24
Lahti Sopenkorpi,2023,1,24,02:00,22
Lahti Sopenkorpi,2023,1,25,02:00,23
Lahti Sopenkorpi,2023,1,26,02:00,15
Lahti Sopenkorpi,2023,1,27,02:00,13
Lahti Sopenkorpi,2023,1,28,02:00,13
Lahti Sopenkorpi,2023,1,29,02:00,17
Lahti Sopenkorpi,2023,1,30,02:00,19
Lahti Sopenkorpi,2023,1,31,02:00,18
Lahti Sopenkorpi,2023,2,1,02:00,17
Lahti Sopenkorpi,2023,2,2,02:00,18
Lahti Sopenkorpi,2023,2,3,02:00,18
Lahti Sopenkorpi,2023,2,4,02:00,20
Lahti Sopenkorpi,2023,2,5,02:00,19
Lahti Sopenkorpi,2023,2,6,02:00,23
Lahti Sopenkorpi,2023,2,7,02:00,23
Lahti Sopenkorpi,2023,2,8,02:00,22
Lahti Sopenkorpi,2023,2,9,02:00,18
Lahti Sopenkorpi,2023,2,10,02:00,17
Lahti Sopenkorpi,2023,2,11,02:00,19
Lahti Sopenkorpi,2023,2,12,02:00,19
Lahti Sopenkorpi,2023,2,13,02:00,19
Lahti Sopenkorpi,2023,2,14,02:00,18
Lahti Sopenkorpi,2023,2,15,02:00,19
Lahti Sopenkorpi,2023,2,16,02:00,18
Lahti Sopenkorpi,2023,2,17,02:00,20
Lahti Sopenkorpi,2023,2,18,02:00,19
Lahti Sopenkorpi,2023,2,19,02:00,26
Lahti Sopenkorpi,2023,2,20,02:00,30
Lahti Sopenkorpi,2023,2,21,02:00,27
Lahti Sopenkorpi,2023,2,22,02:00,26
Lahti Sopenkorpi,2023,2,23,02:00,28
Lahti Sopenkorpi,2023,2,24,02:00,29
Lahti Sopenkorpi,2023,2,25,02:00,30
Lahti Sopenkorpi,2023,2,26,02:00,29
Lahti Sopenkorpi,2023,2,27,02:00,29
Lahti Sopenkorpi,2023,2,28,02:00,28
Lahti Sopenkorpi,2023,3,1,02:00,29
Lahti Sopenkorpi,2023,3,2,02:00,27
Lahti Sopenkorpi,2023,3,3,02:00,27
Lahti Sopenkorpi,2023,3,4,02:00,34
Lahti Sopenkorpi,2023,3,5,02:00,34
Lahti Sopenkorpi,2023,3,6,02:00,32
Lahti Sopenkorpi,2023,3,7,02:00,34
Lahti Sopenkorpi,2023,3,8,02:00,35
Lahti Sopenkorpi,2023,3,9,02:00,35
Lahti Sopenkorpi,2023,3,10,02:00,34
Lahti Sopenkorpi,2023,3,11,02:00,34
Lahti Sopenkorpi,2023,3,12,02:00,40
Lahti Sopenkorpi,2023,3,13,02:00,38
Lahti Sopenkorpi,2023,3,14,02:00,40
Lahti Sopenkorpi,2023,3,15,02:00,30
Lahti Sopenkorpi,2023,3,16,02:00,29
Lahti Sopenkorpi,2023,3,17,02:00,29
Lahti Sopenkorpi,2023,3,18,02:00,29
Lahti Sopenkorpi,2023,3,19,02:00,26
Lahti Sopenkorpi,2023,3,20,02:00,25
Lahti Sopenkorpi,2023,3,21,02:00,24
Lahti Sopenkorpi,2023,3,22,02:00,24
Lahti Sopenkorpi,2023,3,23,02:00,24
Lahti Sopenkorpi,2023,3,24,02:00,21
Lahti Sopenkorpi,2023,3,25,02:00,17
Lahti Sopenkorpi,2023,3,26,02:00,23
Lahti Sopenkorpi,2023,3,27,03:00,22
Lahti Sopenkorpi,2023,3,28,03:00,32
Lahti Sopenkorpi,2023,3,29,03:00,29
Lahti Sopenkorpi,2023,3,30,03:00,28
Lahti Sopenkorpi,2023,3,31,03:00,28
Lahti Sopenkorpi,2023,4,1,03:00,27
Lahti Sopenkorpi,2023,4,2,03:00,25
Lahti Sopenkorpi,2023,4,3,03:00,24
Lahti Sopenkorpi,2023,4,4,03:00,24
Lahti Sopenkorpi,2023,4,5,03:00,24
Lahti Sopenkorpi,2023,4,6,03:00,21
Lahti Sopenkorpi,2023,4,7,03:00,17
Lahti Sopenkorpi,2023,4,8,03:00,14
Lahti Sopenkorpi,2023,4,9,03:00,11
Lahti Sopenkorpi,2023,4,10,03:00,7
Lahti Sopenkorpi,2023,4,11,03:00,5
Lahti Sopenkorpi,2023,4,12,03:00,-1
Lahti Sopenkorpi,2023,4,13,03:00,-1
Lahti Sopenkorpi,2023,4,14,03:00,-1
Lahti Sopenkorpi,2023,4,15,03:00,-1
Lahti Sopenkorpi,2023,4,16,03:00,-1
Lahti Sopenkorpi,2023,4,17,03:00,-1
Lahti Sopenkorpi,2023,4,18,03:00,-1
Lahti Sopenkorpi,2023,4,19,03:00,-1
Lahti Sopenkorpi,2023,4,20,03:00,-1
Lahti Sopenkorpi,2023,4,21,03:00,-1
Lahti Sopenkorpi,2023,4,22,03:00,-1
Lahti Sopenkorpi,2023,4,23,03:00,-1
Lahti Sopenkorpi,2023,4,24,03:00,-1
Lahti Sopenkorpi,2023,4,25,03:00,-1
Lahti Sopenkorpi,2023,4,26,03:00,-1
Lahti Sopenkorpi,2023,4,27,03:00,-1
Lahti Sopenkorpi,2023,4,28,03:00,-1
Lahti Sopenkorpi,2023,4,29,03:00,-1
Lahti Sopenkorpi,2023,4,30,03:00,-1
Lahti Sopenkorpi,2023,5,1,03:00,-1
Lahti Sopenkorpi,2023,5,2,03:00,-1
Lahti Sopenkorpi,2023,5,3,03:00,-1
Lahti Sopenkorpi,2023,5,4,03:00,-1
Lahti Sopenkorpi,2023,5,5,03:00,-1
Lahti Sopenkorpi,2023,5,6,03:00,-1
Lahti Sopenkorpi,2023,5,7,03:00,-1
Lahti Sopenkorpi,2023,5,8,03:00,-1
Lahti Sopenkorpi,2023,5,9,03:00,-1
Lahti Sopenkorpi,2023,5,10,03:00,-1
Lahti Sopenkorpi,2023,5,11,03:00,-1
Lahti Sopenkorpi,2023,5,12,03:00,-1
Lahti Sopenkorpi,2023,5,13,03:00,-1
Lahti Sopenkorpi,2023,5,14,03:00,-1
Lahti Sopenkorpi,2023,5,15,03:00,-1
Lahti Sopenkorpi,2023,5,16,03:00,-1
Lahti Sopenkorpi,2023,5,17,03:00,-1
Lahti Sopenkorpi,2023,5,18,03:00,-1
Lahti Sopenkorpi,2023,5,19,03:00,-1
Lahti Sopenkorpi,2023,5,20,03:00,-1
Lahti Sopenkorpi,2023,5,21,03:00,-1
Lahti Sopenkorpi,2023,5,22,03:00,-1
Lahti Sopenkorpi,2023,5,23,03:00,-1
Lahti Sopenkorpi,2023,5,24,03:00,-1
Lahti Sopenkorpi,2023,5,25,03:00,-1
Lahti Sopenkorpi,2023,5,26,03:00,-1
Lahti Sopenkorpi,2023,5,27,03:00,-1
Lahti Sopenkorpi,2023,5,28,03:00,-1
Lahti Sopenkorpi,2023,5,29,03:00,-1
Lahti Sopenkorpi,2023,5,30,03:00,-1
Lahti Sopenkorpi,2023,5,31,03:00,-1
Lahti Sopenkorpi,2023,6,1,03:00,-1
Lahti Sopenkorpi,2023,6,2,03:00,-1
Lahti Sopenkorpi,2023,6,3,03:00,-1
Lahti Sopenkorpi,2023,6,4,03:00,-1
Lahti Sopenkorpi,2023,6,5,03:00,-1
Lahti Sopenkorpi,2023,6,6,03:00,-1
Lahti Sopenkorpi,2023,6,7,03:00,-1
Lahti Sopenkorpi,2023,6,8,03:00,-1
Lahti Sopenkorpi,2023,6,9,03:00,-1
Lahti Sopenkorpi,2023,6,10,03:00,-1
Lahti Sopenkorpi,2023,6,11,03:00,-1
Lahti Sopenkorpi,2023,6,12,03:00,-1
Lahti Sopenkorpi,2023,6,13,03:00,-1
Lahti Sopenkorpi,2023,6,14,03:00,-1
Lahti Sopenkorpi,2023,6,15,03:00,-1
Lahti Sopenkorpi,2023,6,16,03:00,-1
Lahti Sopenkorpi,2023,6,17,03:00,-1
Lahti Sopenkorpi,2023,6,18,03:00,-1
Lahti Sopenkorpi,2023,6,19,03:00,-1
Lahti Sopenkorpi,2023,6,20,03:00,-1
Lahti Sopenkorpi,2023,6,21,03:00,-1
Lahti Sopenkorpi,2023,6,22,03:00,-1
Lahti Sopenkorpi,2023,6,23,03:00,-1
Lahti Sopenkorpi,2023,6,24,03:00,-1
Lahti Sopenkorpi,2023,6,25,03:00,-1
Lahti Sopenkorpi,2023,6,26,03:00,-1
Lahti Sopenkorpi,2023,6,27,03:00,-1
Lahti Sopenkorpi,2023,6,28,03:00,-1
Lahti Sopenkorpi,2023,6,29,03:00,-1
Lahti Sopenkorpi,2023,6,30,03:00,-1
Lahti Sopenkorpi,2023,7,1,03:00,-1
Lahti Sopenkorpi,2023,7,2,03:00,-1
Lahti Sopenkorpi,2023,7,3,03:00,-1
Lahti Sopenkorpi,2023,7,4,03:00,-1
Lahti Sopenkorpi,2023,7,5,03:00,-1
Lahti Sopenkorpi,2023,7,6,03:00,-1
Lahti Sopenkorpi,2023,7,7,03:00,-1
Lahti Sopenkorpi,2023,7,8,03:00,-1
Lahti Sopenkorpi,2023,7,9,03:00,-1
Lahti Sopenkorpi,2023,7,10,03:00,-1
Lahti Sopenkorpi,2023,7,11,03:00,-1
Lahti Sopenkorpi,2023,7,12,03:00,-1
Lahti Sopenkorpi,2023,7,13,03:00,-1
Lahti Sopenkorpi,2023,7,14,03:00,-1
Lahti Sopenkorpi,2023,7,15,03:00,-1
Lahti Sopenkorpi,2023,7,16,03:00,-1
Lahti Sopenkorpi,2023,7,17,03:00,-1
Lahti Sopenkorpi,2023,7,18,03:00,-1
Lahti Sopenkorpi,2023,7,19,03:00,-1
Lahti Sopenkorpi,2023,7,20,03:00,-1
Lahti Sopenkorpi,2023,7,21,03:00,-1
Lahti Sopenkorpi,2023,7,22,03:00,-1
Lahti Sopenkorpi,2023,7,23,03:00,-1
Lahti Sopenkorpi,2023,7,24,03:00,-1
Lahti Sopenkorpi,2023,7,25,03:00,-1
Lahti Sopenkorpi,2023,7,26,03:00,-1
Lahti Sopenkorpi,2023,7,27,03:00,-1
Lahti Sopenkorpi,2023,7,28,03:00,-1
Lahti Sopenkorpi,2023,7,29,03:00,-1
Lahti Sopenkorpi,2023,7,30,03:00,-1
Lahti Sopenkorpi,2023,7,31,03:00,-1
Lahti Sopenkorpi,2023,8,1,03:00,-1
Lahti Sopenkorpi,2023,8,2,03:00,-1
Lahti Sopenkorpi,2023,8,3,03:00,-1
Lahti Sopenkorpi,2023,8,4,03:00,-1
Lahti Sopenkorpi,2023,8,5,03:00,-1
Lahti Sopenkorpi,2023,8,6,03:00,-1
Lahti Sopenkorpi,2023,8,7,03:00,-1
Lahti Sopenkorpi,2023,8,8,03:00,-1
Lahti Sopenkorpi,2023,8,9,03:00,-1
Lahti Sopenkorpi,2023,8,10,03:00,-1
Lahti Sopenkorpi,2023,8,11,03:00,-1
Lahti Sopenkorpi,2023,8,12,03:00,-1
Lahti Sopenkorpi,2023,8,13,03:00,-1
Lahti Sopenkorpi,2023,8,14,03:00,-1
Lahti Sopenkorpi,2023,8,15,03:00,-1
Lahti Sopenkorpi,2023,8,16,03:00,-1
Lahti Sopenkorpi,2023,8,17,03:00,-1
Lahti Sopenkorpi,2023,8,18,03:00,-1
Lahti Sopenkorpi,2023,8,19,03:00,-1
Lahti Sopenkorpi,2023,8,20,03:00,-1
Lahti Sopenkorpi,2023,8,21,03:00,-1
Lahti Sopenkorpi,2023,8,22,03:00,-1
Lahti Sopenkorpi,2023,8,23,03:00,-1
Lahti Sopenkorpi,2023,8,24,03:00,-1
Lahti Sopenkorpi,2023,8,25,03:00,-1
Lahti Sopenkorpi,2023,8,26,03:00,-1
Lahti Sopenkorpi,2023,8,27,03:00,-1
Lahti Sopenkorpi,2023,8,28,03:00,-1
Lahti Sopenkorpi,2023,8,29,03:00,-1
Lahti Sopenkorpi,2023,8,30,03:00,-1
Lahti Sopenkorpi,2023,8,31,03:00,-1
Lahti Sopenkorpi,2023,9,1,03:00,-1
Lahti Sopenkorpi,2023,9,2,03:00,-1
Lahti Sopenkorpi,2023,9,3,03:00,-1
Lahti Sopenkorpi,2023,9,4,03:00,-1
Lahti Sopenkorpi,2023,9,5,03:00,-1
Lahti Sopenkorpi,2023,9,6,03:00,-1
Lahti Sopenkorpi,2023,9,7,03:00,-1
Lahti Sopenkorpi,2023,9,8,03:00,-1
Lahti Sopenkorpi,2023,9,9,03:00,-1
Lahti Sopenkorpi,2023,9,10,03:00,-1
Lahti Sopenkorpi,2023,9,11,03:00,-1
Lahti Sopenkorpi,2023,9,12,03:00,-1
Lahti Sopenkorpi,2023,9,13,03:00,-1
Lahti Sopenkorpi,2023,9,14,03:00,-1
Lahti Sopenkorpi,2023,9,15,03:00,-1
Lahti Sopenkorpi,2023,9,16,03:00,-1
Lahti Sopenkorpi,2023,9,17,03:00,-1
Lahti Sopenkorpi,2023,9,18,03:00,-1
Lahti Sopenkorpi,2023,9,19,03:00,-1
Lahti Sopenkorpi,2023,9,20,03:00,-1
Lahti Sopenkorpi,2023,9,21,03:00,-1
Lahti Sopenkorpi,2023,9,22,03:00,-1
Lahti Sopenkorpi,2023,9,23,03:00,-1
Lahti Sopenkorpi,2023,9,24,03:00,-1
Lahti Sopenkorpi,2023,9,25,03:00,-1
Lahti Sopenkorpi,2023,9,26,03:00,-1
Lahti Sopenkorpi,2023,9,27,03:00,-1
Lahti Sopenkorpi,2023,9,28,03:00,-1
Lahti Sopenkorpi,2023,9,29,03:00,-1
Lahti Sopenkorpi,2023,9,30,03:00,-1
Lahti Sopenkorpi,2023,10,1,03:00,-1
Lahti Sopenkorpi,2023,10,2,03:00,-1
Lahti Sopenkorpi,2023,10,3,03:00,-1
Lahti Sopenkorpi,2023,10,4,03:00,-1
Lahti Sopenkorpi,2023,10,5,03:00,-1
Lahti Sopenkorpi,2023,10,6,03:00,-1
Lahti Sopenkorpi,2023,10,7,03:00,-1
Lahti Sopenkorpi,2023,10,8,03:00,-1
Lahti Sopenkorpi,2023,10,9,03:00,-1
Lahti Sopenkorpi,2023,10,10,03:00,-1
Lahti Sopenkorpi,2023,10,11,03:00,-1
Lahti Sopenkorpi,2023,10,12,03:00,-1
Lahti Sopenkorpi,2023,10,13,03:00,-1
Lahti Sopenkorpi,2023,10,14,03:00,-1
Lahti Sopenkorpi,2023,10,15,03:00,-1
Lahti Sopenkorpi,2023,10,16,03:00,-1
Lahti Sopenkorpi,2023,10,17,03:00,-1
Lahti Sopenkorpi,2023,10,18,03:00,-1
Lahti Sopenkorpi,2023,10,19,03:00,-1
Lahti Sopenkorpi,2023,10,20,03:00,-1
Lahti Sopenkorpi,2023,10,21,03:00,-1
Lahti Sopenkorpi,2023,10,22,03:00,-1
Lahti Sopenkorpi,2023,10,23,03:00,-1
Lahti Sopenkorpi,2023,10,24,03:00,-1
Lahti Sopenkorpi,2023,10,25,03:00,-1
Lahti Sopenkorpi,2023,10,26,03:00,-1
Lahti Sopenkorpi,2023,10,27,03:00,-1
Lahti Sopenkorpi,2023,10,28,03:00,-1
Lahti Sopenkorpi,2023,10,29,03:00,-1
Lahti Sopenkorpi,2023,10,30,02:00,-1
Lahti Sopenkorpi,2023,10,31,02:00,-1
Lahti Sopenkorpi,2023,11,1,02:00,-1
Lahti Sopenkorpi,2023,11,2,02:00,-1
Lahti Sopenkorpi,2023,11,3,02:00,-1
Lahti Sopenkorpi,2023,11,4,02:00,-1
Lahti Sopenkorpi,2023,11,5,02:00,-1
Lahti Sopenkorpi,2023,11,6,02:00,-1
Lahti Sopenkorpi,2023,11,7,02:00,-1
Lahti Sopenkorpi,2023,11,8,02:00,-1
Lahti Sopenkorpi,2023,11,9,02:00,-1
Lahti Sopenkorpi,2023,11,10,02:00,-1
Lahti Sopenkorpi,2023,11,11,02:00,-1
Lahti Sopenkorpi,2023,11,12,02:00,-1
Lahti Sopenkorpi,2023,11,13,02:00,-1
Lahti Sopenkorpi,2023,11,14,02:00,-1
Lahti Sopenkorpi,2023,11,15,02:00,-1
Lahti Sopenkorpi,2023,11,16,02:00,-1
Lahti Sopenkorpi,2023,11,17,02:00,-1
Lahti Sopenkorpi,2023,11,18,02:00,-1
Lahti Sopenkorpi,2023,11,19,02:00,-1
Lahti Sopenkorpi,2023,11,20,02:00,-1
Lahti Sopenkorpi,2023,11,21,02:00,-1
Lahti Sopenkorpi,2023,11,22,02:00,2
Lahti Sopenkorpi,2023,11,23,02:00,8
Lahti Sopenkorpi,2023,11,24,02:00,6
Lahti Sopenkorpi,2023,11,25,02:00,7
Lahti Sopenkorpi,2023,11,26,02:00,6
Lahti Sopenkorpi,2023,11,27,02:00,7
Lahti Sopenkorpi,2023,11,28,02:00,10
Lahti Sopenkorpi,2023,11,29,02:00,13
Lahti Sopenkorpi,2023,11,30,02:00,12
Lahti Sopenkorpi,2023,12,1,02:00,13
Lahti Sopenkorpi,2023,12,2,02:00,14
Lahti Sopenkorpi,2023,12,3,02:00,14
Lahti Sopenkorpi,2023,12,4,02:00,14
Lahti Sopenkorpi,2023,12,5,02:00,14
Lahti Sopenkorpi,2023,12,6,02:00,15
Lahti Sopenkorpi,2023,12,7,02:00,15
Lahti Sopenkorpi,2023,12,8,02:00,14
Lahti Sopenkorpi,2023,12,9,02:00,15
Lahti Sopenkorpi,2023,12,10,02:00,16
Lahti Sopenkorpi,2023,12,11,02:00,17
Lahti Sopenkorpi,2023,12,12,02:00,17
Lahti Sopenkorpi,2023,12,13,02:00,22
Lahti Sopenkorpi,2023,12,14,02:00,25
Lahti Sopenkorpi,2023,12,15,02:00,25
Lahti Sopenkorpi,2023,12,16,02:00,24
Lahti Sopenkorpi,2023,12,17,02:00,19
Lahti Sopenkorpi,2023,12,18,02:00,19
Lahti Sopenkorpi,2023,12,19,02:00,18
Lahti Sopenkorpi,2023,12,20,02:00,16
Lahti Sopenkorpi,2023,12,21,02:00,16
Lahti Sopenkorpi,2023,12,22,02:00,16
Lahti Sopenkorpi,2023,12,23,02:00,24
Lahti Sopenkorpi,2023,12,24,02:00,26
Lahti Sopenkorpi,2023,12,25,02:00,26
Lahti Sopenkorpi,2023,12,26,02:00,26
Lahti Sopenkorpi,2023,12,27,02:00,29
Lahti Sopenkorpi,2023,12,28,02:00,28
Lahti Sopenkorpi,2023,12,29,02:00,26
Lahti Sopenkorpi,2023,12,30,02:00,29
Lahti Sopenkorpi,2023,12,31,02:00,28
Lahti Sopenkorpi,2024,1,1,02:00,28
Lahti Sopenkorpi,2024,1,2,02:00,27
Lahti Sopenkorpi,2024,1,3,02:00,27
Lahti Sopenkorpi,2024,1,4,02:00,27
Lahti Sopenkorpi,2024,1,5,02:00,27
Lahti Sopenkorpi,2024,1,6,02:00,28
Lahti Sopenkorpi,2024,1,7,02:00,28
Lahti Sopenkorpi,2024,1,8,02:00,28
Lahti Sopenkorpi,2024,1,9,02:00,27
Lahti Sopenkorpi,2024,1,10,02:00,29
Lahti Sopenkorpi,2024,1,11,02:00,28
Lahti Sopenkorpi,2024,1,12,02:00,29
Lahti Sopenkorpi,2024,1,13,02:00,33
Lahti Sopenkorpi,2024,1,14,02:00,35
Lahti Sopenkorpi,2024,1,15,02:00,35
Lahti Sopenkorpi,2024,1,16,02:00,36
Lahti Sopenkorpi,2024,1,17,02:00,36
Lahti Sopenkorpi,2024,1,18,02:00,40
Lahti Sopenkorpi,2024,1,19,02:00,46
Lahti Sopenkorpi,2024,1,20,02:00,44
Lahti Sopenkorpi,2024,1,21,02:00,43
Lahti Sopenkorpi,2024,1,22,02:00,43
Lahti Sopenkorpi,2024,1,23,02:00,42
Lahti Sopenkorpi,2024,1,24,02:00,37
Lahti Sopenkorpi,2024,1,25,02:00,37
Lahti Sopenkorpi,2024,1,26,02:00,37
Lahti Sopenkorpi,2024,1,27,02:00,37
Lahti Sopenkorpi,2024,1,28,02:00,37
Lahti Sopenkorpi,2024,1,29,02:00,34
Lahti Sopenkorpi,2024,1,30,02:00,33
Lahti Sopenkorpi,2024,1,31,02:00,34
Lahti Sopenkorpi,2024,2,1,02:00,33
Lahti Sopenkorpi,2024,2,2,02:00,31
Lahti Sopenkorpi,2024,2,3,02:00,36
Lahti Sopenkorpi,2024,2,4,02:00,35
Lahti Sopenkorpi,2024,2,5,02:00,35
Lahti Sopenkorpi,2024,2,6,02:00,35
Lahti Sopenkorpi,2024,2,7,02:00,35
Lahti Sopenkorpi,2024,2,8,02:00,36
Lahti Sopenkorpi,2024,2,9,02:00,36
Lahti Sopenkorpi,2024,2,10,02:00,36
Lahti Sopenkorpi,2024,2,11,02:00,35
Lahti Sopenkorpi,2024,2,12,02:00,36
Lahti Sopenkorpi,2024,2,13,02:00,36
Lahti Sopenkorpi,2024,2,14,02:00,43
Lahti Sopenkorpi,2024,2,15,02:00,48
Lahti Sopenkorpi,2024,2,16,02:00,47
Lahti Sopenkorpi,2024,2,17,02:00,47
Lahti Sopenkorpi,2024,2,18,02:00,44
Lahti Sopenkorpi,2024,2,19,02:00,44
Lahti Sopenkorpi,2024,2,20,02:00,44
Lahti Sopenkorpi,2024,2,21,02:00,43
Lahti Sopenkorpi,2024,2,22,02:00,45
Lahti Sopenkorpi,2024,2,23,02:00,43
Lahti Sopenkorpi,2024,2,24,02:00,40
Lahti Sopenkorpi,2024,2,25,02:00,39
Lahti Sopenkorpi,2024,2,26,02:00,36
Lahti Sopenkorpi,2024,2,27,02:00,37
Lahti Sopenkorpi,2024,2,28,02:00,35
Lahti Sopenkorpi,2024,2,29,02:00,35
Lahti Sopenkorpi,2024,3,1,02:00,35
Lahti Sopenkorpi,2024,3,2,02:00,35
Lahti Sopenkorpi,2024,3,3,02:00,34
Lahti Sopenkorpi,2024,3,4,02:00,33
Lahti Sopenkorpi,2024,3,5,02:00,32
Lahti Sopenkorpi,2024,3,6,02:00,32
Lahti Sopenkorpi,2024,3,7,02:00,32
Lahti Sopenkorpi,2024,3,8,02:00,32
